# m1_source	m2_source	ecc
3.262261573556813943e+01	3.053702222613776840e+01	4.525474716021814919e-02
3.461213894350343878e+01	2.823315723296259705e+01	5.098276575414074224e-02
3.984588267304321363e+01	3.207489253447632649e+01	4.623687685079014981e-02
3.895107737138778958e+01	3.374634593670294436e+01	2.056779001246005281e-02
3.483552551010649978e+01	2.874001015949664506e+01	6.026911292076785054e-02
4.037654765222884379e+01	3.347851894221931701e+01	8.855062479962816369e-02
3.819941758647269126e+01	3.310566143499640646e+01	2.211114562188765120e-02
3.997060078200806288e+01	3.281620079130995293e+01	5.795009494850105608e-02
2.873615603002506091e+01	2.203403727078825014e+01	3.111206058560155724e-02
4.345623724113843167e+01	3.799901009946413666e+01	7.340200150567431636e-02
4.198912285433709712e+01	3.276042705919719822e+01	4.222487314608724257e-02
4.139777638146941996e+01	3.421030702549859370e+01	6.470041539537541020e-02
3.754291064447059512e+01	3.511442917152504606e+01	6.389097063413376465e-02
4.083410609291457405e+01	3.110600734167444870e+01	5.471518113496625507e-02
3.725571399956292851e+01	3.006267692814417103e+01	6.021087911488108568e-02
3.050046629045104041e+01	2.682840900540228191e+01	4.317386797238575991e-02
3.486500029474300533e+01	3.221309860328383223e+01	7.423574103453581263e-02
3.751754875247924303e+01	3.634639184051861349e+01	3.471197050773452281e-02
4.006612868429986207e+01	3.420554249716936823e+01	7.850819009063314535e-02
3.258463645370800066e+01	2.977209879351036648e+01	4.910496841706549209e-02
3.221372681081543732e+01	2.837850379280745372e+01	3.561226775413141310e-02
4.120756549978787575e+01	3.486401396748061643e+01	9.567024159466530620e-02
2.813688128417045320e+01	2.656361394285011812e+01	8.558010033964674745e-02
3.786305531999721552e+01	3.192870292028063162e+01	3.606890759028116150e-02
4.359416732504362102e+01	3.477305373128179866e+01	9.700944515220810693e-02
3.643073971518319354e+01	3.167540019655956485e+01	7.653525752767559309e-02
3.803352861452206923e+01	3.563979977254758325e+01	9.362638198631847986e-02
4.636212429279247971e+01	3.603905706923712415e+01	9.146545557398555459e-02
4.281907259277453193e+01	3.381777248393149193e+01	2.235697429371847483e-02
3.789729706862353709e+01	3.007719934629835379e+01	8.269677073252351684e-02
3.524337543041615817e+01	3.317068715509079624e+01	8.108610657998280291e-02
3.443881638864444739e+01	2.919229820063678815e+01	1.439250383747414999e-02
3.949735059909178858e+01	3.771750490813946044e+01	9.787008155727533465e-02
4.532099519891902162e+01	3.298370870636838248e+01	6.604052184611422516e-02
4.152218791691792177e+01	3.090662337861870057e+01	9.842776705331757192e-02
4.045859027867327740e+01	3.650763723764757884e+01	5.968480706797218982e-02
3.901783071488629417e+01	3.190107937534530436e+01	3.663031488594181706e-02
3.957407384273188455e+01	2.930819194343176903e+01	2.642744857145325893e-02
3.896031194135264286e+01	3.368073979276195473e+01	1.014324272723220732e-01
4.392594907513473146e+01	2.993710390748025674e+01	5.386257565798205360e-02
4.319682931030928330e+01	3.531455161347417970e+01	5.507044412932105698e-02
4.170019556074998945e+01	3.490021456363096775e+01	2.192275843009240319e-02
3.717675800633686833e+01	3.188380369965804562e+01	6.169699635498738371e-02
4.047198242508354582e+01	3.259273213064005859e+01	2.689966524245326202e-02
3.627590955233896608e+01	3.205832806870590446e+01	5.691842569879873581e-02
3.948088879080196278e+01	3.852654252631686660e+01	2.443031987386549975e-02
4.349359117328024382e+01	3.826377402619635149e+01	3.883074726783020125e-02
4.196636863442012810e+01	3.489516926242178130e+01	9.664672985012623396e-02
4.728622369326124186e+01	3.883531826022790057e+01	7.872871066865910761e-02
3.842331141392409677e+01	3.572485872118975436e+01	2.250656079792211217e-02
4.002236040789034632e+01	3.286202048596111780e+01	1.052796976287478370e-01
3.337979776192263870e+01	2.973447080735579462e+01	3.403671920222614555e-02
3.476807473645747137e+01	3.248498082863793002e+01	2.111161169301336085e-02
3.618463479605637190e+01	3.091589576634716252e+01	2.618822440066474050e-02
4.310919216524937525e+01	3.244680021815131710e+01	6.531813623203031050e-02
3.014711758397677244e+01	2.752629023808338005e+01	1.829316057875197965e-02
3.799609998498184638e+01	3.120771690199421400e+01	9.748663574761334827e-02
4.498722210846227654e+01	3.965994469772717679e+01	9.064957780206511773e-02
2.747577366226985518e+01	2.657146936176443219e+01	5.219241260641450247e-02
3.417084421986786680e+01	3.140088706620857195e+01	1.418377632546815106e-02
4.222002864723986448e+01	3.472045461287834911e+01	3.417242141843129105e-02
3.917074468724075587e+01	3.684652132074234032e+01	3.863574142372400155e-02
3.598338475333171971e+01	3.007477211177979015e+01	3.575120366052893239e-02
3.420776241358587555e+01	3.095651510234243275e+01	8.138079028587608121e-02
3.738392329182730833e+01	3.236559785962790414e+01	2.996192612827136906e-02
4.336172946685525176e+01	3.458700881534657867e+01	7.709937320286672224e-02
3.890894108399191964e+01	3.477934715336779448e+01	5.602187931891958877e-02
3.417897964655183074e+01	2.819285894544670512e+01	5.783709001882143125e-02
3.214935293985236342e+01	2.760569304742964647e+01	2.830862227848259319e-02
3.976571324962486642e+01	3.206525995359886849e+01	7.424676199041110869e-02
3.585223309015602666e+01	3.458986900027042566e+01	4.915536395004307946e-02
3.758122551339874207e+01	2.986102100808623305e+01	5.625514746479660932e-02
3.618079256468865879e+01	3.498947571962087011e+01	6.485440428019201287e-02
4.259281222289889257e+01	3.172836925948724485e+01	1.556155402512121935e-02
3.684083179498559701e+01	3.500219387807199212e+01	6.228749122304533953e-02
3.610844136726922926e+01	2.736328220279286683e+01	2.250497704645345459e-02
4.682163777934668047e+01	3.872434477941571629e+01	4.639637989199682511e-02
3.393056130475687127e+01	3.010025969528661705e+01	8.643310735930562205e-02
3.836506532455322827e+01	3.168067388125419725e+01	2.682228057699519858e-02
3.204640474412727258e+01	3.025054986643667121e+01	7.858399091611029119e-02
3.999832217840049964e+01	3.074770283413796435e+01	6.346317808374024594e-02
3.639486047297938143e+01	2.638050951888873641e+01	2.959506779439792859e-02
4.037467970259748284e+01	3.149173722344070825e+01	7.331269991337230341e-02
4.035325374220760608e+01	3.505085690837540113e+01	1.096533837935144140e-01
4.127682926803950636e+01	3.145942438595741919e+01	4.883782319507898317e-02
3.656304148749765659e+01	3.152680090364964016e+01	1.540292790637443933e-02
4.233399968706125804e+01	3.554300781881240567e+01	3.964701413583618383e-02
4.043931307574634815e+01	3.235822488106305883e+01	5.969135870501148661e-02
4.040197109120329344e+01	3.011899266278405207e+01	4.302139989436185030e-02
3.396532837377578318e+01	3.053200357641152252e+01	2.985109569485084463e-02
5.059230585275043524e+01	3.973662195359351301e+01	5.936645112864020329e-02
3.360623456936971820e+01	2.704824916121428302e+01	4.772044114245976854e-02
3.469563969159171535e+01	2.981639515463307433e+01	6.952930876690709139e-02
4.110288357972516593e+01	3.672559205695005602e+01	3.904177906057897801e-02
3.272756002816286980e+01	2.767749808199054939e+01	1.739000959054075313e-02
3.328561131104706305e+01	3.058030760191097741e+01	8.118117139931746440e-02
3.811934355265006502e+01	3.586404239674018868e+01	3.593774885084370652e-02
3.764344983457302618e+01	3.034552859027329674e+01	5.122592065504673331e-02
4.028811712583263471e+01	3.612040579636001780e+01	2.956877629018565823e-02
4.651526144463547752e+01	3.674741219900619882e+01	1.034620141782982838e-01
3.550565193528463226e+01	2.806671380648145586e+01	1.059539816030535264e-01
3.626255912516549529e+01	3.031393223774770718e+01	4.217221698064367585e-02
3.419937819008424640e+01	3.127988887286637976e+01	1.418224711771387536e-02
3.562007506090213127e+01	3.045758378493917107e+01	6.609154745731897485e-02
3.410129820559109248e+01	2.645916212467957962e+01	1.047419647793193798e-01
3.968837014557809084e+01	2.960814482329648456e+01	2.325451539468629397e-02
3.199172809968571940e+01	2.566023814780016110e+01	2.372700704886926415e-02
3.389244798560238081e+01	3.166601552750185888e+01	1.332584511772346228e-02
3.793459425941752272e+01	2.854297049364454963e+01	8.107126983502871420e-02
4.249258305564006832e+01	3.288387063095682095e+01	6.925133262817001478e-02
3.803207786402811053e+01	3.398312764993275437e+01	9.546032784710334340e-02
4.515191163326932156e+01	3.120211944234830170e+01	8.511785605331531612e-02
4.210268369354955809e+01	3.440766331320251226e+01	4.252592041352203783e-02
3.126859085175988184e+01	2.917994381868643927e+01	1.786112189600013583e-02
3.444324355733650123e+01	3.216498473637172140e+01	2.772212137812246971e-02
3.782528751167891556e+01	3.159383707388427709e+01	6.832611764804383259e-02
3.940954497086602260e+01	3.109097527696934904e+01	1.473661462950810568e-02
2.777685285045763663e+01	2.502946619931732997e+01	7.016788026404774392e-02
3.747226082069995101e+01	3.399372085956782286e+01	1.741395001514478916e-02
3.450643492823721203e+01	3.222976200162442950e+01	6.798150775034278448e-02
4.054551293129712519e+01	3.476595380167809424e+01	1.670004761673376734e-02
4.433259644960669732e+01	3.500215067258584867e+01	1.795280156844379291e-02
3.816494634129635699e+01	3.342084640668645079e+01	4.981558808812208000e-02
4.229701968478251928e+01	3.373576168981680468e+01	2.739551001036429415e-02
3.820830945695086456e+01	3.515062467175214067e+01	2.534593868173670023e-02
3.125475726339599802e+01	3.035528598843968240e+01	7.067932321713242538e-02
4.185376780431207067e+01	3.801163668355764713e+01	6.944432790922194787e-02
3.214473485204614889e+01	3.113058322640008058e+01	6.668388295578028813e-02
3.896863447550320103e+01	3.844851989768486789e+01	3.077729402806830133e-02
4.223226525679845622e+01	2.951459035085806093e+01	7.084268951430894301e-02
3.409190038322289240e+01	2.733479749876294917e+01	1.010050146883929578e-01
3.807796189768914275e+01	3.136062964291911825e+01	9.409853661691186533e-02
3.792221456343708041e+01	3.063100816055906250e+01	3.566914666971899434e-02
3.835153941015185808e+01	3.504972509160639760e+01	5.024486718251082451e-02
3.462357831818852105e+01	3.425607195243608771e+01	7.535230211075893969e-02
3.816819689789687686e+01	2.943787796417359104e+01	9.628929243979789110e-02
3.200054837112667627e+01	2.537629766807390297e+01	1.084286633533508848e-01
3.960937865380103062e+01	3.410619827153719541e+01	2.012314576440877786e-02
3.624288487172648132e+01	3.276473781031069876e+01	1.447169873073340593e-02
3.555635085876220103e+01	2.707671865960661250e+01	2.174818466246508653e-02
4.138240012341821483e+01	2.950323719631362351e+01	3.320889307485766495e-02
3.688589903128416836e+01	3.237611258713549489e+01	9.609844912771348113e-02
3.070598966768061189e+01	2.643932532257977996e+01	6.741084034790688351e-02
3.889705315291759291e+01	3.127084894859059006e+01	7.235464605022544349e-02
4.130449033430972605e+01	4.036180498729121524e+01	2.293915656175203599e-02
3.939319329283685533e+01	3.049856944066505093e+01	2.808817709120893860e-02
3.563631817569427085e+01	2.682681825709692092e+01	3.751321511409216880e-02
3.535255727414759264e+01	3.155985722918055814e+01	7.700204884980560438e-02
4.130727234268614012e+01	3.509876874469895114e+01	6.331196732994451293e-02
3.625184232723277944e+01	2.819462905867833058e+01	1.002287690275475429e-01
3.712940532215358047e+01	3.059923392076346005e+01	2.645807906679532515e-02
3.828499655101116872e+01	3.236231579102483380e+01	9.948744476056708974e-02
4.331838751246062458e+01	3.474364322608288802e+01	9.607938569811499963e-02
4.066865425755155883e+01	3.123083765485558416e+01	3.523641884606441843e-02
3.654701646845341401e+01	3.333543741509561897e+01	8.489336521084936416e-02
3.862738521877409426e+01	3.489662269884838963e+01	4.622151074936621529e-02
4.202381582267751270e+01	3.191197969682594859e+01	4.560079336250002363e-02
3.729612451625848024e+01	3.112075379617095550e+01	1.028763974309162277e-01
3.847643290899772950e+01	3.182564079539755397e+01	3.862350445376719343e-02
3.329858591099105070e+01	2.739434166196341991e+01	4.593592750041999850e-02
3.384395478527809331e+01	2.894388554418032555e+01	2.015474554151881759e-02
4.445653015496638005e+01	3.611893808740425271e+01	3.500032998815418711e-02
4.029952119269714217e+01	3.524044359099703883e+01	1.072990764078767256e-01
4.214372705596554169e+01	3.596282319495441016e+01	2.057560888094130125e-02
3.800916298554437844e+01	3.067216492803077088e+01	2.809192745477499115e-02
3.473357673985061922e+01	3.003358036263090725e+01	8.065222813980332806e-02
3.670137706868326433e+01	3.309879038030607745e+01	2.965083010127453345e-02
3.827391292946206391e+01	3.409152873860005428e+01	8.348733890937515278e-02
3.043302549934249512e+01	2.923375148896458242e+01	8.347090637374368627e-02
3.421960348056662582e+01	3.097090332285495506e+01	9.101618544192432991e-02
4.125018060848921664e+01	3.397531880701929197e+01	9.358574309507866618e-02
3.906147429617536204e+01	2.943643131206646402e+01	5.918354043242052970e-02
4.032731637895849985e+01	3.672931250737100584e+01	1.030045674642139919e-01
3.459868272885379525e+01	3.155618006499020822e+01	3.033417757437479809e-02
3.139305159307586024e+01	2.409895961425812771e+01	4.740006778024285355e-02
3.744064365653924398e+01	3.441282825926887057e+01	1.632390122784625058e-02
4.368896559082650555e+01	3.855464757879659743e+01	4.457750273129666013e-02
3.747908419888053544e+01	3.438247938081178035e+01	2.203600489605619592e-02
3.375700320577720248e+01	2.605462094099997827e+01	3.512765688328797070e-02
3.060855786361224418e+01	2.793412987262921732e+01	8.475484362164525942e-02
3.985061495028703149e+01	3.568194352787839563e+01	7.282904379416618723e-02
3.139872318800698636e+01	2.989882737239160093e+01	1.064276831875985430e-01
3.243069491108423108e+01	2.796398110185892349e+01	1.012229461148306808e-01
4.034766624532077373e+01	3.193416697662570414e+01	6.372386934673338055e-02
4.499952784052906196e+01	3.237570025429769061e+01	8.629638712084589103e-02
4.178804608708745150e+01	3.853137097188923832e+01	6.683581145853932648e-02
3.754841821436039595e+01	3.162270394481227243e+01	9.735485193710702312e-02
4.418269661653362590e+01	4.265943045486270790e+01	8.622985564589760732e-02
3.313056125935265328e+01	3.254288285289138827e+01	6.507038521169120071e-02
3.298894463383128084e+01	3.098306068176697536e+01	5.006901828794354387e-02
3.539505614055737226e+01	2.840004527183486260e+01	1.580735058629626280e-02
4.069668147568389571e+01	3.208642852903560794e+01	5.573523945807266206e-02
3.640359573543122451e+01	3.397633827410019336e+01	1.004389481090768310e-01
3.101079697486030540e+01	2.944803136087956474e+01	1.041238462374943496e-01
4.017396094862086642e+01	3.875420616548461794e+01	5.825761155259940455e-02
3.489932373866628268e+01	2.744759520398338282e+01	2.414786866090005632e-02
4.061138151745194591e+01	3.450888332968135330e+01	5.881331722805160922e-02
3.569915887320606629e+01	3.176486060704688441e+01	2.173570790880646753e-02
3.809825608357568427e+01	3.245857254904652933e+01	1.090995655900761085e-01
3.357933693786331730e+01	3.100170296075570775e+01	5.075716360151063394e-02
3.495183410270554702e+01	2.816500269621684538e+01	9.632845760099270627e-02
3.512385705375412925e+01	3.107150007630976773e+01	8.177686484438451142e-02
3.206042192968477877e+01	2.626274883496423129e+01	8.780163479137143012e-02
3.788415614030350298e+01	3.286277912710737326e+01	1.020054173839334000e-01
4.273377270836165565e+01	3.191051195874322133e+01	7.003485763781783224e-02
3.766479178740822675e+01	3.297855618323426796e+01	1.029209486474991775e-01
4.244152537449834028e+01	3.274059656502038251e+01	9.006736183559241327e-02
4.954873863377962806e+01	4.190491380676538569e+01	2.887136454445147354e-02
4.264738554711293972e+01	3.738867728615923625e+01	1.220254520521951193e-02
3.092718407545508441e+01	2.979367688887436927e+01	3.060762342511334083e-02
3.987598232340273796e+01	3.956117103842952076e+01	9.302747977183764561e-02
3.912148668313738398e+01	3.084048822312847093e+01	6.396374210025311535e-02
3.583780436709306372e+01	3.420714925143450813e+01	7.697531013619646201e-02
3.731219636978782717e+01	3.419850870272858856e+01	8.271273124191966253e-02
3.668866028110418398e+01	3.272818892793717538e+01	1.053585888745684207e-01
3.574112581469290006e+01	2.901493076429381546e+01	6.114273781747950331e-02
3.991438150616362890e+01	3.800038584084882842e+01	6.970765354362604138e-02
3.406194041616093671e+01	2.857010280324573159e+01	1.729156787619760480e-02
4.107501849605635869e+01	3.458618089648669525e+01	8.896157364099252507e-02
3.818053047731135763e+01	3.384196434947498489e+01	3.910691235767378010e-02
3.683417971579692818e+01	3.300005784353226801e+01	8.267453962650225807e-02
4.364112670236602298e+01	3.783054397884747289e+01	2.249039674190538018e-02
3.526630748992455011e+01	3.073365395310765535e+01	9.151015688099356504e-02
4.462734633935045991e+01	3.573853710282192964e+01	1.032768248791387233e-01
4.199788114953987872e+01	3.281278490860970010e+01	6.748476039300441154e-02
4.243810531499214278e+01	3.208887642054406797e+01	4.320896537219084954e-02
3.013321184353722160e+01	2.942593291327499827e+01	1.011854501374105098e-01
3.786548740296418458e+01	3.150909848586861273e+01	8.986025605839087493e-02
3.983045270022469708e+01	3.498605522628234610e+01	1.992365106498730776e-02
3.542520711384771914e+01	3.350330393323721268e+01	2.374408266264209019e-02
3.705621475364800688e+01	3.331202923162635443e+01	6.995653735726095612e-02
3.835542958120355905e+01	2.952881872830744570e+01	4.611564523842384689e-02
3.756394652259762523e+01	3.067911925387296534e+01	8.791009224651763487e-02
4.098154310877711737e+01	3.821605214241863280e+01	1.078531982684924340e-01
3.373100560828974182e+01	3.343995046655732750e+01	6.537093477535299568e-02
3.880384288713683816e+01	3.307119407639537201e+01	3.071544812975433511e-02
3.895850310012502860e+01	3.803811480171441417e+01	5.168058809564849559e-02
3.552891419250348548e+01	3.226273315199942004e+01	8.269261987649362267e-02
3.814622591058843426e+01	3.284622806544074791e+01	5.300766978821545850e-02
3.911261947421281349e+01	3.491985617863235092e+01	2.132974063723410557e-02
3.389909639237993844e+01	3.151943760006967210e+01	2.594279930572240822e-02
3.969750796174071894e+01	3.243343893513204534e+01	1.851046601836242936e-02
3.413993328912113867e+01	3.035334581944129084e+01	1.011820324394674953e-01
3.474518235343184358e+01	2.708393168212683122e+01	9.202462403373157240e-02
3.649187047505498782e+01	3.292647799099041350e+01	1.647827586046343371e-02
3.882027651935532475e+01	3.559066930819432173e+01	3.468407708408136059e-02
3.351607490372450116e+01	2.645356203657748750e+01	1.800877373646824972e-02
3.732089910942366373e+01	3.405351385087046623e+01	1.047486362353615696e-01
3.567676282079295902e+01	2.797924303659125300e+01	3.324777039288047409e-02
3.751230487099058308e+01	3.547239117654554974e+01	6.035507198930469691e-02
3.121032147435283477e+01	3.040083028128167086e+01	5.349198867016122932e-02
3.525849970977428427e+01	2.683528433708413630e+01	1.004359140237591763e-01
4.368245464390534494e+01	3.384407957873024486e+01	9.213454051685129875e-02
3.821519609394707828e+01	3.332204665221728135e+01	2.257685627647151860e-02
3.768174931015405349e+01	3.288989248255818865e+01	2.068657794807094233e-02
3.887651535434201833e+01	2.888837613796963311e+01	1.184199320588576708e-02
3.489787878923844033e+01	2.652590586567264452e+01	1.208634425538533154e-02
3.245692416163587524e+01	3.094600817484714383e+01	6.582261846311837639e-02
4.247583089611368479e+01	2.986181640111536950e+01	2.116373119894580240e-02
3.681992723259595834e+01	3.333981556675738034e+01	9.999684487426055424e-02
4.133070364953520226e+01	3.373966145449707454e+01	7.506250820429527515e-02
4.073640266643331387e+01	3.877923792709882633e+01	4.556206767287213077e-02
4.680731077476112745e+01	3.550911165618203569e+01	8.556849246763820194e-02
3.576489876964414805e+01	3.427165159828548724e+01	9.188401223686706865e-02
3.301911549624095699e+01	3.245171493483032066e+01	1.071275299249979107e-01
3.543038512333864531e+01	2.832772906667392121e+01	1.723183411013027092e-02
3.664542677958752392e+01	2.961674329483146195e+01	1.469189206222190625e-02
4.103574060222469910e+01	3.531509392834340133e+01	1.010205413300019617e-01
3.939453568796108129e+01	3.655297719564757131e+01	4.650470692740413248e-02
3.818000357375088782e+01	3.608844388150122029e+01	6.033106393447763144e-02
4.067384485437760588e+01	3.141454516921877982e+01	5.561601591525032473e-02
3.624343253750411264e+01	3.315906020351251726e+01	5.476288576367952660e-02
4.613502098325776757e+01	3.491665301251438080e+01	1.939172392146107371e-02
3.698482496518540330e+01	3.387970118118916929e+01	8.102779505082008393e-02
3.475191748126944447e+01	3.314903858286902505e+01	4.016986360780536169e-02
4.573892855916061251e+01	4.276384373594395072e+01	6.874744500999666053e-02
3.990446625978668038e+01	3.150518065751776575e+01	2.900860119826211003e-02
4.033709570255175691e+01	2.956383300846750117e+01	4.339826887052136012e-02
3.915349884986024875e+01	3.537413994533591932e+01	3.740455245916785021e-02
4.049975900700738407e+01	3.295613000006357396e+01	2.829568524199608040e-02
3.323630775569378670e+01	3.088170592203024967e+01	9.026437570606607452e-02
3.367787251747991206e+01	2.835576756737698645e+01	8.298710065938413871e-02
3.813079944711090263e+01	3.259253755195101832e+01	2.739193172366310644e-02
4.113111328313600978e+01	3.227389487580470728e+01	7.498860787102709646e-02
3.919213022871434049e+01	3.213244198796939344e+01	9.834562410435582214e-02
4.007104782460072556e+01	3.447709345134007464e+01	4.340910688115558885e-02
3.493298249304841363e+01	3.110457117991049714e+01	7.087735604276515500e-02
3.284254024658383742e+01	2.867706612066903915e+01	4.644380054492108084e-02
3.713589006851554331e+01	3.560467243252430336e+01	1.044758077947739727e-01
3.899883417806127994e+01	2.886810800174016123e+01	4.957720972449271984e-02
3.813691277166884674e+01	2.935996407962903731e+01	8.113264904343991946e-02
3.830941353643709135e+01	3.078071502641477153e+01	7.668415078430079745e-02
3.446892253134148376e+01	2.626825528353752404e+01	4.532078800395598905e-02
3.276874317393471614e+01	2.791955227535641271e+01	9.916239522752381963e-02
3.962489889513148711e+01	3.507757798727544696e+01	2.078998667753999274e-02
3.248737957267280763e+01	3.028441046472474696e+01	6.550145519388761439e-02
3.375838336154061636e+01	2.967954278677791891e+01	3.363300840599888625e-02
3.900024262621224125e+01	3.096637828368058720e+01	1.007115979925346516e-01
3.843495574043959806e+01	3.541083126002262560e+01	3.344873004686958057e-02
3.475822812900721459e+01	3.072217401893309585e+01	9.202386524781880350e-02
3.778699334943534183e+01	3.121728809727443021e+01	2.110054650424407485e-02
4.033740714877296085e+01	3.544626646805601666e+01	8.325566625800917553e-02
3.645250406816460753e+01	3.258946554396434436e+01	1.249064289765438283e-02
4.717113815143354572e+01	3.625020946297525626e+01	3.134642792389093907e-02
3.556797569268475456e+01	3.072804267618253249e+01	2.072151764997055140e-02
3.510197858647140379e+01	3.024561137041259684e+01	5.393243615645534894e-02
3.299704551853649548e+01	2.928934299210416015e+01	4.358643767545306719e-02
3.712899987724104989e+01	3.008899173377292158e+01	2.266462541455550178e-02
3.727065344786495871e+01	3.205831360225880644e+01	3.840614889895771489e-02
3.331371854667776944e+01	3.176017201894824638e+01	1.084156046865065726e-01
3.962692439670796318e+01	3.093270542336824747e+01	5.931490852654452278e-02
3.441913222156751573e+01	2.934284932402688284e+01	1.321490371942004617e-02
3.448870603465509532e+01	3.138808205064686874e+01	3.525605895752356722e-02
4.398331616698871471e+01	3.177447674693353008e+01	5.902375962907262935e-02
3.970836583355878702e+01	2.754276850564549051e+01	6.128289258625072705e-02
3.203432523846472435e+01	2.673259169602655660e+01	1.017454635020129117e-01
3.793936322809759787e+01	3.027413381158854477e+01	5.476321951889741302e-02
3.905436546522960128e+01	3.307378883814936188e+01	7.042476021023579003e-02
2.694041114890814725e+01	2.439577185646988156e+01	7.549158374231337842e-02
2.909061890398920980e+01	2.762187241408685878e+01	6.372795356138286071e-02
3.300643012212631078e+01	3.083712259073378092e+01	5.486996965601446258e-02
3.702845946077395922e+01	3.326111130163845075e+01	4.854362754057284929e-02
3.572123547280708067e+01	3.436054891507376396e+01	7.243295031165905562e-02
3.871412947758677348e+01	3.229098872932215158e+01	2.210822395150009723e-02
4.468788336120580595e+01	3.514115284989409815e+01	2.449772284532871977e-02
3.218438873435845693e+01	2.876813149682955384e+01	1.095225942768950356e-01
3.835821341647990579e+01	3.307538800952173830e+01	3.774977176536287171e-02
3.782271578987474925e+01	3.034348826478449368e+01	9.890008582704920559e-02
3.450915866692338341e+01	2.895719557488266815e+01	5.095772984066856276e-02
3.675452981039556732e+01	3.502411251822424987e+01	3.210180105884333918e-02
4.065918630082936147e+01	3.003835397699362986e+01	8.770928627539825717e-02
3.971946590491673135e+01	3.743960411574117586e+01	4.381199638960789344e-02
4.136092662672403009e+01	3.874331872890377326e+01	4.940280609119294258e-02
3.944746732359079289e+01	3.500471426593831126e+01	4.481984071922465868e-02
3.202501308838986915e+01	2.969844914844064832e+01	7.722667725412396544e-02
3.667025305853898232e+01	2.707399742205377180e+01	9.364086711517338735e-02
3.779755721903116239e+01	2.976258356575053554e+01	2.018694868884669119e-02
3.844888124650746164e+01	3.645150666009855911e+01	7.636932845403707204e-02
3.890917406300297188e+01	3.403364399293018749e+01	6.998517186605546225e-02
4.048412616231431826e+01	3.649256274690265656e+01	7.826670487167516899e-02
4.533509165665199703e+01	3.648259575679644229e+01	8.958398359764063734e-02
3.688472521014622885e+01	2.987471072984650178e+01	4.420772219223349786e-02
4.173481632725121671e+01	3.608828676610701081e+01	1.032012990896152560e-01
3.178842919049106541e+01	2.992800635239151319e+01	8.141950549928303471e-02
4.761284031509930514e+01	3.794422748228021192e+01	6.773160545810591460e-02
4.038798656563004386e+01	3.467794018685048485e+01	5.197177775292149277e-02
3.607312486170891219e+01	2.984521864928283108e+01	8.370761674535801000e-02
3.667744575131069240e+01	3.362096542736894378e+01	5.693574220642341061e-02
3.622306401282056498e+01	3.206121421644540703e+01	9.540859789130282098e-02
3.726853813596099485e+01	3.234867305661998671e+01	1.277997158962237631e-02
3.847208440392157769e+01	3.096250213634959891e+01	8.521264403792147557e-02
3.700760873108185933e+01	2.975542179924353547e+01	8.616176945748393878e-02
3.608429653627209888e+01	2.700787813379262303e+01	6.478966522775295167e-02
3.588771584660195657e+01	3.018919494133926307e+01	8.225474309912436666e-02
3.825566265874147120e+01	3.072396457439668538e+01	2.264360079955969607e-02
3.020892827372458456e+01	2.602531955092956295e+01	3.445333915915744366e-02
3.671543144986628704e+01	2.935166382201476054e+01	4.025155414973398404e-02
3.435603320873072164e+01	2.857899693660192142e+01	8.881249952343636678e-02
3.528548646501553776e+01	3.438240412750846531e+01	1.792908953371986913e-02
3.456185216676392002e+01	3.059400184577606652e+01	5.250489663490370829e-02
4.826247817700213716e+01	3.739716564518634101e+01	3.401704372942919441e-02
3.860697379486757796e+01	3.191691722440246082e+01	4.603004093603514646e-02
3.665161270553605988e+01	3.030093791079976384e+01	7.307576905683886570e-02
2.841961663201098531e+01	2.807858029139995537e+01	2.930735719559208682e-02
3.925558584811737006e+01	2.980412085236809361e+01	5.712386883472169580e-02
3.542246632937035855e+01	3.022205177837944134e+01	3.170900170612983571e-02
3.663459739554220818e+01	3.037433721557015787e+01	4.643320486005272918e-02
3.532383561854133092e+01	2.772339267946860275e+01	4.685008558861376154e-02
3.905877376000768209e+01	2.956185294271535113e+01	3.250055997066510216e-02
4.475966548721423521e+01	3.529938939868146974e+01	1.810324399706186166e-02
4.122188215829896052e+01	3.697489168157074602e+01	5.273090439051418554e-02
4.277257003197522067e+01	3.451940155505636199e+01	4.493839104124246198e-02
3.753613998894620352e+01	3.585895138025823314e+01	9.726499547556718972e-02
4.267283779239573249e+01	3.537701823398530365e+01	4.009331901513416702e-02
4.086555315366726404e+01	2.977130684347142164e+01	7.073492314278595483e-02
3.729778522209386438e+01	2.970497189910430791e+01	1.077174847733390894e-01
3.921709074497024972e+01	3.293632311405774971e+01	3.976285702713261427e-02
3.574082769560814654e+01	3.180105133252421012e+01	1.071871420438202938e-01
4.210997791207451257e+01	3.966861993531998110e+01	2.724978912928251867e-02
3.268698432828995237e+01	3.065783536897856010e+01	8.639729783174165956e-02
3.905713453254506362e+01	3.111925489103741072e+01	4.481806543014352912e-02
3.966722521960677739e+01	2.992926517156972466e+01	3.863922264308036758e-02
3.404396398802668244e+01	3.286846057269178090e+01	2.849870825923658119e-02
3.764280287660424307e+01	3.366133038118568521e+01	9.984292387018400827e-02
4.011072169433978729e+01	3.667041024685336481e+01	6.190700640908804869e-02
3.530261797339370133e+01	3.445553706478023059e+01	3.991016699422172270e-02
4.119945068447525216e+01	3.210627681814561640e+01	7.138723589655504576e-02
3.868370069487488649e+01	2.823530482128427721e+01	7.543485096100152609e-02
3.768858579312950496e+01	3.324454812241381774e+01	3.213285159403204971e-02
3.881022332428260313e+01	3.090655990973304768e+01	8.051379616239728865e-02
3.807235810632949580e+01	2.871153870041195688e+01	8.991191614777607755e-02
3.635412936900882386e+01	3.164305372559108420e+01	5.024385230599500568e-02
3.926712210626234878e+01	3.311511796752162695e+01	4.672572466889718390e-02
4.172512679219629206e+01	3.697266502804736632e+01	6.223175295912725807e-02
4.205433476900122969e+01	3.243209295473847931e+01	9.818469301687254847e-02
3.921612386780670789e+01	3.415277785405864819e+01	7.584822747414357580e-02
3.896926146091637833e+01	3.248847110122070347e+01	4.540987603206460971e-02
3.422131877533084321e+01	3.162719187082266714e+01	6.420100469559641976e-02
3.927544056936308436e+01	3.514057106437426370e+01	6.856628896616889790e-02
3.917930273206276581e+01	3.221688700320872556e+01	9.473724084358967068e-02
4.326647508187192415e+01	3.269612608806161091e+01	4.657746673409738497e-02
4.505265454505330780e+01	3.779406522953975411e+01	1.096312248810584200e-01
3.574510745074996265e+01	2.803829030929973953e+01	2.722540007901687320e-02
3.092802248268776211e+01	3.027357504655124387e+01	6.769146576914829294e-02
4.023817427804831937e+01	3.108350607879095762e+01	3.524544552109409173e-02
4.758875831843698734e+01	3.647512455926403874e+01	1.017797878930968847e-01
3.632119293304781138e+01	3.028328210356657380e+01	2.756792129062792321e-02
3.783946555699535708e+01	3.314090203052725059e+01	8.413409312069874968e-02
3.663274926601750536e+01	3.065741568747582946e+01	5.972382808269317139e-02
3.983989422611883668e+01	3.236270335304939039e+01	2.317253057284329384e-02
4.652063519692305960e+01	4.403183754022020935e+01	7.022290415196051627e-02
4.240106196046478715e+01	2.906105040946191664e+01	1.359279989639246983e-02
3.716714944524470354e+01	3.258720199147888508e+01	9.612739657449970165e-02
3.871823683118834936e+01	3.187244216864784718e+01	2.164147534615675633e-02
4.307941634175153212e+01	3.683361418370825646e+01	5.570146102475982686e-02
3.719404622600397659e+01	3.524257787410748222e+01	5.610106776126722733e-02
3.401876826938082132e+01	3.218427852561679714e+01	8.165418239711827453e-02
3.768897451694404310e+01	3.101089094471052476e+01	4.894753143202660445e-02
3.952157324546783457e+01	3.842995753610203025e+01	1.956059036180295141e-02
3.485162919527120806e+01	2.894141146389631913e+01	4.332993508632347612e-02
4.027341958837306635e+01	3.283474033803585002e+01	6.000089278501883477e-02
5.018332529456598223e+01	3.434109213317398002e+01	7.293551404516565584e-02
3.603309749648217775e+01	3.399117911352760046e+01	8.519728248182270591e-02
3.883966381620976449e+01	3.544343914269470730e+01	4.552321025022351697e-02
3.704222275987045521e+01	3.444422558215735108e+01	1.891664256508161779e-02
4.071165115773496268e+01	3.840692839411419612e+01	2.790453991570095160e-02
3.634637095120848471e+01	3.411808451389163821e+01	5.001069435703029559e-02
3.821040706344610527e+01	3.614544676163153980e+01	1.835798573453474927e-02
3.747472471413466621e+01	3.486426545973476721e+01	4.231063675563788429e-02
3.434042020120106287e+01	3.119582110564641297e+01	5.396752722330971919e-02
3.612312466113743881e+01	2.824005613026243111e+01	4.121936326417346974e-02
3.932434608324271608e+01	3.146076295807723611e+01	9.145356929376524668e-02
4.551990990142538607e+01	3.701452402502982153e+01	1.068114290285681611e-01
3.991370457950009865e+01	3.191676092778723373e+01	7.516388217076375167e-02
3.764426157441504017e+01	3.124645618855709728e+01	1.540400974905550661e-02
3.363502808322732562e+01	3.101926832111013255e+01	7.087741841562872347e-02
4.433308383167403122e+01	3.786354983735846247e+01	5.107786128529049480e-02
4.028546421207374095e+01	3.257822394027285640e+01	5.953828827618597164e-02
3.234156655506583888e+01	2.941988841125670717e+01	3.739231320122449187e-02
4.464303752467252906e+01	2.986623669408276527e+01	4.620660520658426140e-02
3.160324773044671076e+01	2.512365330019048315e+01	2.118194648219295928e-02
3.692560165175354570e+01	3.418646769645687300e+01	4.091067633174144680e-02
3.245996998103372277e+01	2.897259402601690326e+01	4.770986400829041463e-02
2.801579910750380975e+01	2.439359154355729231e+01	1.112931291373874809e-01
3.663337563702011579e+01	3.120207435367397153e+01	8.145064207719485139e-02
3.967132540303505550e+01	3.415863661449402855e+01	7.823941681343341004e-02
3.560667336494245916e+01	2.913344329179171766e+01	1.536161041995735659e-02
3.973335602459670213e+01	3.230323133747427278e+01	5.240567964984971933e-02
3.805688302138876367e+01	3.637093229002845618e+01	3.428673612646076369e-02
4.124606182560560796e+01	3.083393710885572503e+01	1.972271984015801227e-02
4.137801107139738122e+01	3.611982497366697942e+01	8.801156956056058189e-02
3.772229708118695157e+01	3.299638321116508166e+01	1.061904021337370663e-01
3.334723392773780404e+01	3.105101755792485108e+01	1.037732705989376503e-01
3.314178993428554776e+01	2.994817983604751888e+01	4.672990407515833361e-02
3.815781052703898268e+01	3.076486648228508969e+01	4.308891984311803702e-02
3.402744428667205057e+01	3.145698169677208966e+01	6.950185311567923241e-02
4.229307372867464210e+01	3.011457917919702254e+01	1.106838095225382845e-01
4.374775781455373647e+01	3.479880925522070356e+01	1.040155225192656574e-01
3.829523831620168295e+01	3.526199631040856275e+01	1.093479692451128915e-01
3.455515753691903313e+01	2.620311057577495362e+01	4.662546568652101153e-02
3.381443234298964029e+01	2.899657646997243887e+01	5.346295116132738362e-02
4.003457866072049143e+01	3.417362237644255174e+01	6.375225711059788469e-02
3.314520849806915948e+01	3.104037425169605058e+01	1.349635483106723793e-02
3.936305544353746200e+01	3.530904398306377345e+01	2.153904138051869130e-02
4.452749565722803737e+01	3.379294193885652220e+01	5.982587756691650632e-02
4.422572837370764631e+01	3.734475124125913936e+01	2.648144510502552229e-02
4.120655951972020858e+01	3.155576158106089579e+01	8.215584907665846037e-02
3.240610446946060108e+01	2.617271315206734172e+01	5.884636736753758729e-02
4.016241632748119628e+01	3.189942165186137402e+01	4.753204544802834552e-02
4.843485030617149789e+01	3.403166518754059666e+01	2.469497717072574594e-02
4.051217916004911501e+01	3.827242237865862506e+01	1.648369273249432679e-02
4.141924863472205942e+01	3.495167068670703259e+01	7.548466772310458150e-02
4.322631642032879284e+01	3.672608948947738838e+01	1.106609086643057516e-01
3.298736745991665487e+01	3.070672951896221647e+01	2.898098644487340225e-02
3.742979408088498872e+01	3.218494866362476614e+01	5.476342164168036125e-02
3.872866068901003445e+01	3.470612680043568332e+01	3.066649244346565661e-02
3.424934646136443916e+01	2.737774290932756927e+01	5.033264238391792211e-02
3.187746508797663125e+01	2.524943971663214271e+01	9.906273419283964654e-02
3.997408920574114433e+01	3.263382913159251331e+01	4.442825988858306596e-02
3.546232701536991527e+01	3.219189836518344094e+01	5.268725955792805116e-02
4.338977179870700951e+01	3.230530581481433927e+01	9.828887505610314768e-02
4.060484069529303497e+01	3.630585242295489934e+01	5.921670733563760142e-02
3.185614659813677463e+01	3.042264608670393855e+01	1.884863503675222873e-02
5.087169123865943021e+01	3.443208330898003311e+01	1.024667612220758195e-01
3.843756354657368490e+01	3.231213086078663110e+01	6.061885673993459844e-02
3.424279004841335450e+01	2.815409474961981928e+01	5.732182130887315125e-02
3.819023727832362169e+01	3.450112120612239153e+01	1.729434923998857815e-02
4.177874730369404688e+01	3.245197420775896546e+01	4.839645041093017935e-02
4.330475953866049821e+01	3.847013674715711318e+01	8.105689148966327418e-02
3.348237915432699907e+01	2.695965381561266838e+01	5.590169155688223118e-02
3.412029683092195143e+01	2.619901281380662184e+01	5.040809406257435593e-02
4.168247902107752623e+01	3.200990152387175414e+01	5.182721399903091053e-02
4.292260240108426927e+01	3.909908352285359712e+01	3.662402601619124676e-02
4.011677494613795147e+01	2.995436129379532986e+01	8.765930990610112938e-02
3.994328315228098347e+01	3.175143694866621047e+01	2.282557063414002857e-02
4.384363408690980179e+01	3.496775443815834450e+01	5.495235453318814134e-02
3.696719354810557689e+01	3.358620336832660058e+01	5.809338600335092750e-02
3.063892008052653892e+01	2.449600270317354500e+01	1.089039872189304370e-01
4.106400740394343529e+01	3.646379485237106621e+01	9.103955312322531412e-02
3.681378023732943205e+01	2.877878099293476311e+01	3.245708645609166054e-02
4.093671420139490635e+01	2.951878779731117319e+01	4.363145761421172164e-02
3.869390881508606839e+01	3.102343307804616046e+01	1.026729396283079798e-01
3.800104616394438040e+01	3.529118053210822836e+01	8.123807423286483198e-02
3.048843427036382181e+01	2.739211617877862182e+01	1.107157523381415709e-01
4.330473038143141196e+01	3.618223577687027159e+01	7.682447194462288520e-02
4.210685036774304280e+01	3.529150035989810164e+01	7.256124152025242302e-02
3.470610769283193520e+01	2.893418508328662853e+01	8.004229392967690537e-02
4.227242421615058277e+01	2.977333208880547488e+01	2.232409887765210432e-02
3.824644537131585054e+01	3.397394293106176377e+01	6.657855928967867931e-02
3.511480050192035662e+01	3.046296693450755910e+01	4.863067048075805227e-02
3.850987910867362274e+01	3.337869558912492352e+01	7.726567704202422227e-02
3.251544793259844823e+01	2.837745024337264965e+01	3.830689833235187414e-02
3.806105878692937239e+01	2.948496852229329690e+01	1.072042991125331246e-01
3.529311986360899311e+01	2.898388992462531633e+01	7.050713153859439197e-02
4.053847373085625350e+01	3.259534789974804880e+01	9.444845252957886905e-02
4.023382790128808750e+01	3.549413249089065658e+01	4.536384067915501944e-02
3.862324691863693005e+01	3.219491587864481374e+01	8.059676988019445765e-02
3.816106295178805397e+01	3.374142016121182053e+01	3.593181309292332176e-02
3.982956357398507663e+01	3.765329701543138441e+01	1.741135972529370135e-02
4.313049900552536542e+01	3.913250383220018591e+01	8.174987564121399819e-02
3.617084308479262234e+01	3.111934353486508087e+01	1.479798074284255360e-02
3.692833872876082779e+01	3.337393596766124659e+01	1.414576157817042795e-02
3.042310071755663969e+01	2.467179875139122558e+01	6.355883728182426529e-02
3.914890917849538710e+01	3.278372571430624305e+01	1.018684350970651686e-01
3.663942258328079049e+01	3.032334796713903913e+01	7.764414173457209745e-02
3.216426718381504912e+01	3.049556243356791541e+01	8.651801463571051620e-02
4.111541726650417417e+01	3.566264594559244472e+01	6.424642308506545163e-02
4.226493462953941815e+01	3.399818306880866459e+01	5.558159028976024374e-02
4.078265501757252309e+01	3.400364598197910482e+01	4.989697513081870622e-02
3.812879255053114491e+01	3.105248468564727204e+01	2.445794376122507538e-02
4.514580077984435746e+01	3.313062309821572882e+01	9.798435957014436926e-02
4.328626817453184827e+01	3.156679297665724704e+01	1.692701040314040228e-02
3.799655831931949734e+01	3.518461883870034512e+01	6.207271521059460478e-02
3.846347797062307450e+01	3.213469639051705684e+01	8.143802535742186710e-02
3.752384540016527836e+01	3.102713166739301087e+01	3.849708735273828231e-02
3.226594485016931912e+01	2.983736039067660784e+01	1.645630728722581246e-02
3.712859520221852705e+01	3.429438185735177314e+01	9.156388131087839222e-02
3.589815199259131617e+01	3.154675189522932754e+01	8.027468489810377084e-02
3.596425674586704702e+01	2.872210789566857159e+01	1.875784297294308053e-02
3.415102087660040553e+01	2.815704292867189196e+01	7.233003478342552028e-02
3.634132301041832847e+01	2.902596343830450110e+01	7.690168069382066762e-02
4.117639159271308813e+01	3.372357106316459863e+01	8.950139997405121006e-02
4.334819880688331040e+01	3.360049110875051781e+01	8.821158554608721225e-02
3.281075744825476903e+01	2.907951995111190513e+01	3.408640585250845984e-02
3.551564547296443664e+01	3.212033579231281522e+01	1.740231472117546863e-02
3.951034919674041390e+01	3.146260356688303261e+01	2.889850418560527268e-02
3.633154923173456297e+01	3.395237790156294722e+01	7.143341232260286278e-02
3.973695627383890638e+01	3.587993084556930512e+01	1.039724143055582584e-01
3.186033819725153649e+01	2.682339315889320019e+01	3.547769324278476216e-02
3.496841864334333394e+01	2.848019621867747020e+01	7.404539491071790436e-02
3.450703550189456337e+01	2.834637285063404377e+01	3.856026385766501974e-02
3.956324166865337588e+01	3.330164627265001798e+01	5.432104307146500000e-02
3.630185819913928924e+01	3.219771624988440806e+01	1.180675133492586383e-02
3.392880052323133810e+01	3.087656353551414412e+01	9.081098469178361388e-02
4.242462657736681564e+01	4.005868766198549480e+01	4.536997800644314988e-02
3.951793703978268724e+01	3.379066436523989836e+01	1.059323804266664171e-01
3.981741673486968836e+01	3.491547523233708006e+01	1.013107130578986825e-01
3.664368870621655816e+01	3.060429792265650306e+01	9.433553563546015486e-02
3.558754900790347619e+01	3.139741265302167861e+01	9.763329922461672084e-02
4.011907801697268638e+01	3.559967938094668938e+01	1.076703349599829607e-01
4.343538408893985547e+01	3.034141519981014667e+01	5.588519637359980197e-02
3.914141030155963108e+01	3.482023386304929602e+01	2.325089282156027337e-02
3.465381283182559002e+01	3.053302266358864259e+01	3.993244790777866760e-02
3.360132403989650385e+01	3.006979954800853250e+01	9.645966736766048433e-02
3.186539479773236394e+01	2.971152380857837727e+01	2.916796674816595977e-02
3.853821712813329015e+01	3.054065457532666628e+01	7.860999861881046158e-02
3.821544224219869790e+01	3.094397132281534724e+01	1.896149041188319173e-02
3.151838795179641295e+01	2.616253364194347597e+01	7.944554151013236143e-02
4.170696373989157735e+01	3.493674543644502251e+01	6.680422576467917595e-02
3.701508004928356144e+01	3.451213613656209844e+01	1.900541838825819257e-02
4.828881965235505191e+01	3.395701907119390484e+01	6.472246991465560595e-02
3.675463251154386057e+01	3.011601143166103611e+01	2.088032156417046759e-02
3.439123881325206611e+01	2.981656381388865995e+01	8.508652731451568640e-02
4.423057967857786821e+01	3.743249439281373725e+01	2.946479812620951891e-02
4.223915282066440824e+01	3.354191810366183546e+01	3.429308313940958308e-02
3.487237067561943604e+01	2.804715315316529356e+01	4.932131701182122102e-02
3.806359977438244613e+01	2.915123797736662681e+01	6.315392162733839132e-02
3.740417198191277492e+01	3.216962452224828439e+01	1.281437370176938956e-02
3.609317425517154732e+01	3.209465667322685789e+01	1.449102491432326459e-02
4.078191777748649827e+01	3.487382873111830861e+01	4.897025001627649393e-02
3.892612799525412015e+01	3.270651479732982381e+01	6.908961840430448420e-02
3.812294939257380122e+01	3.784641988956728653e+01	2.758880331500073238e-02
4.439217095108575961e+01	3.681687590232343155e+01	5.379538910972202215e-02
4.265151219332452115e+01	3.396566023625649677e+01	2.727824644591702805e-02
4.267900892683711334e+01	3.741777190548813792e+01	2.282200776151708035e-02
3.426688171998421950e+01	2.906550491849268880e+01	8.014478066785962751e-02
4.102287733404938308e+01	3.270639988009588706e+01	7.599559067625522024e-02
5.051949679924130976e+01	3.390189617402689493e+01	5.987723921134605748e-02
4.329270946654479246e+01	3.648301325319330601e+01	8.593462250138392267e-02
3.567746190773765846e+01	3.137617534471489833e+01	6.236357494313123778e-02
3.266950171046831031e+01	3.118738967500245707e+01	1.051487768704050529e-01
3.514862131086488262e+01	3.080729649109216339e+01	9.667671376042269449e-02
4.261601189196686335e+01	3.453185475227243728e+01	5.015380267659092645e-02
3.822859604098584185e+01	3.432814467505605904e+01	5.400532492474626606e-02
3.756242462891135148e+01	3.554208567314388034e+01	5.330680485791024908e-02
3.438305999188332152e+01	3.109627613873648855e+01	9.727856880612009705e-02
3.500688386584854328e+01	3.324503763599140882e+01	3.004996966982742199e-02
3.588791124149187795e+01	3.416674096068235400e+01	4.068798898546680670e-02
3.617431906428824817e+01	3.346247450909490340e+01	1.102022931762521862e-01
3.831175126056118785e+01	3.229372979065447424e+01	8.699374537672804886e-02
3.886543490715325078e+01	3.455946941011631424e+01	6.027203097421639233e-02
3.835260435416884661e+01	3.239722996774528951e+01	4.843240707435118864e-02
4.197275951551637263e+01	3.547868332685717974e+01	7.250233307671855032e-02
3.533865682968411903e+01	3.380048987017612916e+01	1.606608418599559870e-02
4.638884785900651053e+01	3.747598798705171674e+01	6.820205503881393572e-02
3.873391866912940884e+01	3.357197713713455300e+01	1.216278841535532555e-02
3.643458956436121809e+01	2.973585226344274091e+01	7.922813847072332494e-02
4.114735411226331507e+01	3.407566617449791124e+01	9.585049029380221519e-02
3.624624561855213756e+01	3.190954272992208018e+01	4.101020183340955971e-02
3.411044645871772474e+01	2.969356810714808503e+01	4.701460988926708939e-02
3.469146804140169849e+01	2.564443780087315261e+01	5.027780841209713442e-02
4.504967126989893700e+01	3.850632792024332218e+01	4.490770680268148934e-02
3.010252215402917031e+01	2.838666653466577472e+01	5.002964911402480591e-02
3.667300358675157668e+01	2.757577219060549112e+01	5.445209045955921173e-02
4.032975512436195942e+01	3.291631583146639883e+01	4.432595413022157038e-02
3.522405640436258523e+01	3.022910122021595214e+01	8.932966813034784459e-02
4.183037771922590764e+01	3.591419893866117974e+01	4.883509028752172632e-02
4.617852586464084652e+01	3.509274215825428911e+01	4.488359909254339974e-02
4.072056219422043455e+01	3.587718632945740893e+01	8.404515923841318625e-02
3.526116985275348270e+01	3.428477101399705873e+01	7.862751329684936064e-02
3.167445779970119091e+01	2.878488031561582616e+01	4.393584062611140956e-02
3.816140081638336312e+01	2.966790477015529248e+01	9.799159610671348553e-02
3.546804526402507207e+01	2.908413835404607184e+01	5.021674978992377719e-02
3.806002794127444844e+01	3.226466303642256861e+01	1.029062659264981805e-01
3.429323341904595424e+01	3.059310509387778865e+01	2.589423434205005009e-02
4.075622804303900182e+01	3.391401689380248996e+01	9.632672849276147087e-02
3.845368943066769418e+01	3.582353328525978498e+01	1.432121201709448365e-02
3.463526952300710349e+01	2.811070777771752205e+01	4.380587716239511820e-02
3.593517536241166965e+01	2.983809279012380955e+01	3.190500251380504887e-02
3.819550784090329643e+01	3.339765192356465917e+01	2.325395223598476432e-02
4.194578613246782339e+01	3.328892806766773305e+01	6.735561862820298173e-02
4.140887504675631448e+01	3.224970498293183852e+01	9.690108654367507457e-02
4.270915138566655855e+01	3.918033768902859038e+01	1.109333064393406010e-01
3.606166952382803714e+01	2.812376853903865026e+01	2.842015151255050665e-02
3.629441375526783986e+01	3.044628071200126840e+01	1.059385538233667823e-01
4.573931071843951912e+01	3.604132471099926960e+01	5.572114339480493256e-02
3.702828252482144222e+01	3.270280863096139257e+01	1.436445915881027872e-02
3.873676768564125439e+01	3.335446211261587734e+01	8.019398842023339746e-02
4.380715015953148139e+01	4.113827585187009817e+01	2.892815224458335568e-02
3.593494316752848050e+01	3.230393000119667590e+01	9.890985523582007666e-02
3.243793798973032949e+01	2.907471278510611157e+01	8.728906756677048961e-02
3.827428079884107603e+01	3.387259811907370022e+01	4.891368232150780648e-02
3.786567194543486892e+01	3.060293697163105264e+01	7.181750235860065446e-02
3.699367472407585211e+01	3.320164089943107655e+01	7.964437809610092067e-02
2.933489560786142647e+01	2.549073783298112872e+01	1.718224543452124414e-02
3.984443960120806594e+01	3.465918161809769060e+01	2.811132603984023079e-02
4.596087497649543963e+01	3.975171020758792650e+01	5.748090962794168840e-02
4.410243522379199987e+01	3.836043329827506909e+01	8.665411118242419275e-02
3.885170772994772648e+01	3.362334527513599625e+01	2.019605011680653678e-02
3.698419899927900190e+01	3.045815092486425613e+01	7.044740854824710352e-02
3.428979538091789436e+01	2.939909634653300685e+01	2.597659527228085574e-02
5.296906691588047522e+01	3.612773988742507214e+01	2.343291411367701138e-02
3.863038703012732356e+01	3.073063625536140009e+01	2.432221968888180486e-02
4.366351521066523134e+01	3.726744287244171261e+01	3.265266280032545071e-02
4.109814837804736243e+01	3.156674186646764113e+01	1.055547712207970390e-01
3.609442856154910828e+01	3.287189374983047685e+01	3.086931614156552400e-02
4.231336279848640203e+01	3.238250548329788359e+01	2.981811662256858564e-02
3.076158392340592584e+01	2.875648628691778441e+01	5.704980911091350748e-02
3.683878887750447007e+01	3.036930176830745509e+01	3.804264394063265609e-02
3.595646975689148661e+01	3.013434076392888272e+01	3.331093111387485595e-02
4.244653308257406366e+01	3.730292686761497123e+01	4.788850821368584310e-02
3.634345029938054239e+01	3.086484173821308730e+01	1.099427535745318985e-01
4.432655304595059675e+01	3.878305476641472893e+01	4.836481094641467693e-02
3.748245933486210646e+01	3.087392809391944581e+01	1.025447924094726737e-01
3.708948268723972319e+01	3.631151774418336231e+01	3.385496439777149758e-02
3.629127406469611117e+01	3.162022345987020344e+01	2.837860275252068742e-02
3.850143447913783490e+01	2.915884006882530954e+01	8.000338206324886237e-02
3.485936387073438425e+01	3.252994735579180485e+01	5.227486427524933449e-02
3.395934425529110001e+01	3.002652650964099124e+01	7.154301840176266469e-02
3.886453203483001317e+01	3.148553227617644268e+01	2.220179341296662015e-02
3.479420343514861713e+01	3.160577167046986347e+01	8.455609671630048840e-02
3.639190803543371544e+01	3.191960764811366857e+01	1.083833712901197677e-01
4.175024997802450599e+01	3.247763671878393410e+01	6.333869789583840282e-02
3.167473306017655688e+01	2.686909587094771368e+01	5.442202491770210121e-02
4.018883580636383357e+01	3.400524242038729028e+01	3.232939940707808824e-02
3.039400002804842416e+01	2.574533686657431275e+01	8.014732197576240891e-02
4.249152194196499721e+01	3.617201708716310549e+01	7.939246156501364449e-02
3.138486738388089492e+01	3.089615932558054823e+01	1.001253719359092575e-01
3.886562871443906175e+01	2.874274397845421802e+01	1.095372097477113060e-01
3.387316742001848979e+01	2.954779085927771121e+01	6.378227945936226773e-02
4.254065777070351828e+01	3.498202669936816278e+01	3.065855905078431615e-02
3.771406754674440975e+01	3.046341806739943436e+01	7.824943627125005574e-02
4.319801009073169240e+01	3.092174063804588968e+01	7.312569469653143472e-02
4.209517835982006773e+01	3.103248231359564002e+01	1.490409051031633611e-02
4.148398146681736876e+01	3.552877220318183049e+01	1.079720552314073767e-01
4.510351129816468330e+01	3.613993270134866265e+01	4.952766067626585694e-02
4.054565048584404252e+01	3.192184054563333717e+01	9.658425875172763075e-02
4.254462698237195184e+01	3.517322676851672725e+01	4.766874384990629071e-02
3.486648525954542066e+01	2.590895031366911283e+01	7.110653307627448627e-02
3.969765508903311968e+01	2.926090545499040729e+01	9.052937391081247731e-02
4.146525449169723743e+01	2.865378845293819765e+01	4.420934492930428394e-02
4.108796128656338453e+01	3.952200266092508230e+01	3.420383391171216009e-02
4.025409407933298667e+01	2.974445060628303139e+01	2.257893485071691547e-02
3.798044532105247129e+01	3.338976431955258306e+01	3.870137677177562519e-02
4.184505145103855028e+01	3.405761236438655004e+01	4.505175548641300598e-02
3.571678415220862490e+01	2.708447595657638018e+01	1.305037156398565837e-02
3.941208356577441663e+01	3.016030624243964198e+01	3.895388661291015325e-02
3.524871106844280177e+01	2.727835290468686580e+01	2.118302353612405708e-02
2.711559784771774773e+01	2.350123151511761321e+01	1.541281281534058467e-02
3.532609566291990433e+01	3.378645881887857882e+01	3.125425644688850646e-02
3.522466060647052188e+01	2.897367027360117220e+01	5.287375198310019508e-02
3.436633462820500284e+01	2.714019020060572629e+01	9.534079470228834507e-02
3.896564335352848474e+01	3.246246480401489265e+01	1.115105841313000778e-01
3.857978043285426395e+01	3.051563842980367625e+01	5.557838992380310927e-02
4.174615237823155667e+01	3.572227895901265526e+01	1.986285113774717559e-02
4.322619818121278712e+01	3.097155707466670194e+01	7.268150555967448079e-02
4.266597109849301006e+01	3.196934487459871121e+01	1.095860715803157748e-01
4.368391067248197146e+01	3.298558430341087444e+01	2.167781378776695994e-02
4.201769595812785951e+01	3.735435728901439489e+01	1.031472102332317564e-01
4.056984756137909898e+01	3.407654155216815184e+01	4.195562809106886948e-02
4.138956558591893753e+01	3.792263309171311647e+01	7.871778633591533514e-02
3.912370181825814797e+01	3.479040647458927538e+01	1.285660623360000698e-02
4.645230678108609368e+01	3.563681886638350704e+01	8.389305533878527177e-02
4.432565075760806650e+01	3.784211212489488929e+01	1.580556243933995547e-02
4.569288646838021606e+01	3.433659953610766280e+01	4.994685909434515292e-02
3.648963196359238736e+01	3.047826616311349213e+01	3.490728863439738344e-02
4.017648293450181285e+01	3.847690613626856049e+01	8.222825801687472236e-02
3.414126409023815967e+01	2.974504204717312916e+01	1.047012499959880938e-01
3.509467813245264978e+01	3.159458819097743998e+01	8.365952421307290554e-02
4.635448366997923131e+01	3.047994728324549740e+01	1.027514686741737848e-01
3.575426361410195852e+01	3.021922524704847746e+01	1.109057416620269632e-01
3.095303258438688943e+01	2.937091900910683506e+01	3.733652587459903444e-02
3.430502481122749714e+01	2.602549981195164364e+01	5.903810081559718315e-02
3.903458213948673006e+01	3.449212301291485261e+01	6.328391585652258511e-02
4.514339187801522968e+01	3.263235658062176725e+01	7.486111500870135105e-02
4.644299056673681037e+01	3.356572909845987596e+01	4.362638652475481216e-02
3.775656355817004339e+01	3.493939889234663099e+01	4.712146549768184145e-02
4.141298109719007670e+01	3.373625577227729622e+01	8.842782749780048190e-02
3.298163788720150791e+01	3.103260529269932277e+01	3.429204233535067259e-02
3.709753679021230255e+01	3.167004686927407420e+01	9.585462715387049748e-02
3.320735512249495258e+01	3.092013529633258173e+01	4.351179746282252125e-02
3.653723703654227961e+01	2.993304776083458307e+01	3.022840065403768414e-02
3.879797320125112492e+01	3.483836127176314790e+01	7.580869201146459013e-02
3.100783688135848593e+01	2.936042557374831574e+01	8.640246552284666648e-02
3.349742363518566890e+01	3.103942714137655301e+01	5.416278737542085803e-02
3.974978574897138373e+01	3.269867699556700558e+01	4.597777345501456031e-02
4.125269569863816344e+01	3.483107439659560356e+01	4.841551155828120040e-02
3.375414812308992651e+01	2.918748930915853990e+01	7.893935114570818645e-02
3.797579284752914219e+01	3.107089237250922054e+01	4.436300043926797582e-02
3.934227671979586205e+01	3.651616865781472399e+01	7.063534031411317082e-02
4.365245577223920748e+01	3.761754196801523165e+01	2.254339364056905104e-02
3.326071366644402616e+01	2.940483168604968967e+01	1.813302929366340105e-02
3.734898826538766059e+01	3.395512343382101506e+01	3.101389579958273648e-02
4.280313158724310796e+01	3.085645933887214198e+01	5.306955191459730020e-02
4.237679274095034287e+01	3.504910401981830859e+01	6.076286042129384196e-02
3.392237144355575396e+01	2.500257605999659560e+01	5.111781419854305453e-02
3.641198559039957416e+01	3.483245659544407857e+01	1.030633782218098038e-01
3.777133204603516248e+01	3.218227526757915058e+01	5.606410580831703433e-02
3.966039926683710348e+01	3.622898199263558183e+01	9.623476202153208314e-02
3.363879383135444812e+01	3.292614575188400750e+01	2.809104470871300052e-02
3.630932861265747391e+01	3.270230290329002543e+01	5.521457052956475070e-02
4.380560077023250187e+01	3.362765612761126022e+01	9.638223186227765082e-02
3.884531031654594102e+01	3.700992564179778554e+01	5.401225109018759768e-02
3.894920139017003180e+01	2.916618295628005342e+01	8.765531312217866855e-02
4.189726954589188779e+01	3.393030583599322370e+01	4.008806796096674174e-02
4.085620102026428668e+01	3.401216745909952266e+01	4.016834425141645182e-02
4.546704557301874416e+01	3.835279621010341344e+01	7.372434619114018317e-02
3.793424403829197900e+01	3.384018644303036183e+01	2.430294191263799794e-02
3.695772505610769798e+01	3.039467763795238753e+01	8.250341958958604116e-02
3.444565538312275521e+01	3.349026574673982282e+01	5.082574431481763633e-02
3.391952310131571124e+01	3.172872689646647260e+01	2.062897977255898768e-02
3.985908259702584644e+01	3.332962792322746992e+01	1.088354981991474235e-01
4.084153951157858842e+01	2.891923502376361554e+01	5.275429896259853368e-02
3.461707888651947940e+01	2.997183877238751748e+01	1.286988682970984128e-02
4.070727829601202075e+01	3.599547475344856196e+01	1.866271799191670730e-02
3.001731314808870010e+01	2.951595866759619113e+01	9.525371980469002353e-02
3.364072728846253568e+01	3.025648629998259764e+01	8.266234209050124515e-02
3.470163104250686814e+01	2.673499820549637107e+01	5.011700271374925492e-02
3.832862227968850277e+01	3.099619138853621791e+01	7.025925140243896583e-02
4.719501943809213174e+01	3.422841216728258473e+01	7.797754341831028557e-02
3.283946110971792365e+01	3.001832696438215820e+01	4.539475211422524387e-02
4.089305009317433104e+01	3.543466882074152835e+01	8.771341564308154926e-02
4.075739354981438822e+01	3.284220707010437224e+01	2.781023238489986615e-02
4.049502484532704472e+01	3.067928610111099630e+01	6.986890837693879308e-02
3.258626222287027474e+01	3.056605130102227363e+01	4.383460256602703109e-02
3.896280804287493993e+01	2.975640298239302695e+01	8.165377285155001053e-02
3.547916606924567873e+01	2.974514012877125424e+01	3.517847489529721955e-02
3.995648187853830535e+01	3.411924601450739658e+01	1.022937870640730218e-01
4.383851525266430826e+01	2.906721315498016267e+01	1.071267359669426933e-01
4.278485382840930384e+01	3.463835114166875684e+01	2.272034303731785415e-02
3.897477656142778812e+01	3.127570028118303469e+01	1.776605072195589982e-02
4.237513744267553051e+01	3.460893685630716732e+01	1.230280772926510904e-02
3.458995471680856326e+01	3.436295032069921263e+01	7.819570346421356177e-02
4.283468972585944101e+01	3.223042212566226539e+01	7.185808161801132687e-02
4.434985613972234830e+01	3.478478572816489134e+01	3.087658076887887446e-02
4.028182371965736053e+01	2.532882073370285880e+01	7.935312248772735666e-02
3.394709635245447998e+01	2.823604867327829737e+01	6.277425270330552753e-02
4.023544431434897461e+01	3.625344463901043213e+01	4.914346443629472733e-02
3.365312196013397283e+01	2.941524107691961376e+01	8.698978001023460749e-02
4.338676226439197592e+01	3.355582092130630656e+01	8.601602195642252258e-02
3.899624051843142780e+01	3.474736398522567526e+01	2.603481886872640802e-02
4.440169641302061621e+01	3.337483075605013028e+01	2.684571331327380989e-02
3.420124439952584794e+01	3.051419906606502153e+01	7.090984502396462108e-02
4.779131548736376089e+01	3.496219195208979613e+01	2.259757688120142549e-02
4.666140834534797222e+01	3.803778747520019721e+01	8.270699311349441474e-02
4.272560623387602874e+01	3.365607458809977715e+01	7.168072161735428161e-02
3.957277125985981314e+01	3.690349322836441814e+01	4.014968273031940815e-02
3.802043181091532631e+01	3.341669428267198327e+01	3.091427519976847060e-02
3.606813149734440316e+01	3.199890179895914599e+01	9.317253181571844012e-02
4.428896822533664590e+01	3.527832370748403434e+01	1.613777196630522201e-02
3.693618435050241544e+01	2.899807920106150050e+01	1.482894049832017731e-02
3.687969584744544704e+01	3.182204920367481904e+01	5.643237502235233516e-02
3.715244108993346828e+01	2.612132442183197867e+01	8.513639754326782216e-02
4.474478254030120894e+01	3.354319917330628442e+01	5.203886568801076307e-02
3.552364324219319514e+01	3.303663703458837375e+01	5.861930608689994854e-02
3.674412939649069898e+01	3.373137023379408816e+01	4.564592629077585118e-02
3.668672566153303904e+01	3.320158803427156613e+01	2.546892870907616763e-02
3.553753994482016054e+01	3.095942873615892310e+01	6.378055646584684935e-02
3.290260338486493907e+01	2.997557109806454889e+01	9.147985276133821508e-02
3.630149660225089292e+01	3.336739461818899599e+01	4.927205931329162181e-02
4.734124518514299496e+01	3.673965486935251334e+01	8.891099242048422502e-02
4.223031536260061358e+01	3.380363765790435338e+01	5.315032027365417661e-02
3.189994210000232044e+01	3.111884073904613857e+01	1.055992294237496354e-01
4.146300034232918108e+01	3.341773300870806196e+01	1.103895938035047986e-01
3.163404645893206535e+01	2.709208681656378914e+01	1.019223340632022246e-01
4.075158186622061152e+01	3.088724652468929222e+01	9.135868550449691150e-02
3.922073819403272665e+01	3.508324939583790325e+01	2.332835542610102800e-02
4.021905828582655573e+01	3.404794029937436761e+01	6.308616360147438484e-02
3.999462912239551571e+01	3.236989439556105452e+01	2.369078016873602671e-02
3.891822338871548226e+01	3.349946023428372399e+01	5.299546145068196462e-02
4.509284078054653833e+01	4.113894636129687399e+01	1.080110579532488624e-01
3.345236296450524804e+01	3.172644984191446582e+01	8.324564156701619311e-02
3.650409136087857576e+01	3.171737890614462785e+01	5.459604976448545477e-02
3.808973497045762713e+01	2.976967485623734433e+01	1.265826840774902234e-02
3.808039734224495021e+01	3.264828805147622859e+01	1.430663465875790449e-02
4.427083018782887081e+01	3.531286209806379617e+01	1.173662756775013978e-02
4.151506065695078718e+01	3.436105560302481621e+01	9.829832809233543522e-02
3.636172937416538531e+01	3.006111481608959224e+01	1.057609126684027345e-01
4.386655321864491697e+01	3.792517515519725890e+01	4.350680730952439373e-02
2.929273650299246512e+01	2.702154219298472881e+01	8.607066390959189350e-02
3.946680406744291503e+01	2.942153820545511422e+01	2.621777870001189975e-02
3.389812567500051443e+01	3.225155889177983681e+01	2.273995572796331383e-02
3.987010311126634576e+01	3.279964898654121441e+01	1.032554113330492740e-01
3.358152952474683417e+01	2.907181278916813127e+01	1.102353568624720170e-01
3.853221613035688620e+01	3.494853235610325726e+01	2.213388454939903618e-02
3.923389357168085922e+01	3.339249113243479172e+01	7.016626806188941412e-02
3.923637534519386350e+01	3.630673130893303835e+01	2.241409508295261893e-02
4.388979451681154842e+01	3.198567864896045876e+01	6.652794433965003584e-02
4.260553816434852337e+01	3.295042336922139015e+01	5.837758629282695233e-02
4.142391132515276553e+01	3.728882065965412806e+01	4.054162199955099743e-02
4.050573757021079047e+01	3.607341157269942045e+01	7.249399544820005203e-02
2.962087746350068329e+01	2.547683440606765970e+01	5.825106193019097961e-02
3.512380098082366686e+01	3.239748561712853103e+01	1.848624286835736513e-02
3.574964704910731683e+01	3.090023916791535186e+01	4.341599947201530557e-02
4.229890941721964026e+01	3.504952646255406279e+01	7.936110890308004095e-02
3.412501800866330370e+01	3.324444230139424405e+01	4.487651579636356414e-02
4.188232671137715357e+01	3.104811718175315249e+01	4.933148042268291344e-02
3.973072125364448937e+01	2.968010535640132730e+01	5.371277499304329822e-02
4.268465923024172071e+01	3.616962640826058362e+01	1.099844017678028585e-01
4.171762428650689714e+01	3.400146949581703382e+01	8.291371719284368336e-02
3.236699013959909621e+01	2.886355548646679381e+01	9.848946010552958596e-02
3.639159645219756811e+01	3.063439621033006333e+01	3.767756306852686893e-02
3.895244927397283874e+01	3.365621386469610599e+01	9.336304885479715376e-02
3.460365058899564872e+01	2.938466358450103399e+01	2.644748030353716306e-02
3.442258617288020872e+01	2.929269394688234485e+01	2.911342644948856917e-02
3.206671353021336301e+01	2.805721547048911901e+01	1.841304399136787368e-02
3.328694314689101219e+01	3.191105205893246577e+01	5.540909494890113030e-02
4.226565207635360366e+01	3.693556145279330849e+01	1.679842150950637894e-02
4.820395531024448843e+01	3.579159959193928131e+01	4.060740288261813213e-02
3.768471512983219185e+01	3.017620145513340901e+01	1.182172327909395033e-02
3.170180555075925710e+01	3.014838102504730699e+01	2.761663205202211438e-02
4.646949186915099972e+01	3.383613003951558085e+01	9.455714197458789383e-02
3.457734255075012442e+01	3.148476309343640622e+01	5.753597041948864399e-02
3.038797458207613289e+01	2.710805522555675395e+01	1.176513686440159787e-02
3.672104520167164310e+01	2.830256937405096451e+01	3.533716671016077365e-02
3.934730488904340717e+01	2.921210294043057942e+01	1.432701887959170195e-02
4.503700222397418429e+01	3.824143452857512671e+01	1.904599426334011719e-02
3.778025213242415958e+01	3.693887873642292874e+01	4.503714800604832758e-02
3.871742217860359858e+01	2.926974071203309791e+01	1.001414451560260488e-01
3.812065333839616699e+01	3.520308898329508906e+01	2.883780958980767389e-02
3.496853539797414356e+01	3.308550658578594295e+01	9.137055593584689217e-02
4.255248338180378198e+01	3.431443811720377823e+01	5.934368964024357845e-02
3.869569220936273979e+01	2.804232441735181425e+01	1.032000527131931578e-01
4.243140120238018653e+01	3.659080232400474841e+01	5.328201458194960216e-02
3.397808763240119134e+01	2.745904827796367442e+01	7.413960252203816159e-02
4.218871054017310485e+01	3.338582455082236322e+01	1.696265430933432267e-02
4.758120214706985251e+01	3.147370766354805127e+01	7.303692340741099742e-02
3.542460471049781034e+01	2.995554524105214256e+01	8.024414957965542161e-02
4.000674804304411225e+01	3.405686369057004015e+01	8.855055637994685425e-02
4.503923966678176072e+01	3.695705217282614541e+01	1.097880309742351734e-01
4.128640203317634416e+01	3.231740556265449982e+01	9.054246049263547924e-02
3.705380012651995969e+01	2.981473781128036649e+01	4.307310688474515203e-02
3.387154778588596571e+01	2.919099555112165234e+01	1.883879668897175952e-02
3.565454054138341178e+01	2.950233137818457507e+01	7.760214940565110520e-02
3.827521696756498670e+01	3.254307388290069980e+01	1.095266200735173501e-01
3.277556029634269663e+01	3.220453289967147725e+01	7.617790657179368541e-02
3.107766249969870387e+01	2.909585123322027300e+01	4.412525782063935614e-02
4.418170812397331559e+01	4.021246468763193604e+01	3.815411117408149672e-02
3.575992019946625078e+01	3.443385343393627807e+01	5.883248911483468513e-02
3.281187207150123442e+01	3.190571462213654641e+01	7.544351231772095101e-02
3.806542831736125265e+01	3.227907121802886081e+01	4.388506215618551837e-02
3.820664927582973291e+01	3.320557231966444078e+01	3.974170995673220047e-02
4.216610771053613860e+01	3.750123440961885990e+01	5.806993155225341485e-02
3.582368764734412991e+01	3.237573099561662104e+01	9.394903429199058520e-02
3.726744471614980370e+01	2.718738580592857801e+01	9.721078920278813928e-02
3.766686614198284389e+01	2.650281697849687390e+01	3.100192955908988302e-02
3.927927721870080546e+01	3.719560151251276636e+01	1.515219996830836913e-02
3.952309729953481110e+01	3.347854657066675799e+01	4.131404035795369079e-02
4.442406721888844601e+01	3.399303523004047634e+01	9.868099921727233048e-02
4.933794461017090782e+01	3.774034173823685734e+01	4.599475918997054241e-02
4.367435295558714614e+01	3.969234440186429680e+01	2.649715477990418830e-02
3.516138489819554280e+01	3.041529969177871351e+01	4.781189169241999160e-02
3.828923416456428441e+01	3.000595624426984998e+01	5.646687082141498698e-02
4.040070328309472814e+01	3.543521063029704976e+01	2.766026323823627536e-02
3.515071796635442780e+01	3.021264964685422783e+01	8.751636832893372464e-02
3.741689991578712693e+01	3.170930462171181219e+01	8.444055618922582940e-02
4.156846793128541862e+01	3.487468690377820479e+01	5.487420051270178872e-02
3.740212653819371269e+01	3.278330230021683178e+01	2.502536335133223253e-02
4.129240244666156201e+01	3.009462965496916453e+01	7.037650222919794585e-02
3.458394974740081551e+01	3.135394845356853821e+01	8.715402458394314045e-02
3.784814924887646725e+01	2.800585195530423022e+01	1.006953443224475331e-01
4.048818856057144444e+01	2.924992774883236279e+01	1.059440194556987846e-01
4.074523763838516288e+01	3.570836889934483338e+01	7.719068305282433817e-02
3.927360524519676233e+01	3.129575060507937678e+01	5.133660399217130493e-02
4.043079592545024781e+01	3.197432331336832334e+01	2.436928162673718951e-02
4.042525595133469096e+01	3.480669023400529483e+01	3.347715408236199425e-02
4.075790669895245344e+01	3.443055798299448611e+01	5.470841384073676233e-02
5.088702078146579311e+01	3.922082422225034293e+01	4.739615357426704007e-02
3.874435788670623282e+01	3.806856453323724310e+01	8.932236710884974840e-02
4.027214340750288812e+01	3.295944534215157518e+01	1.244062762315939832e-02
4.630097873478734272e+01	3.221669115429674690e+01	1.163119406249299784e-02
3.630046298550268347e+01	3.280600496634339436e+01	7.194833547186989253e-02
3.839528328596315987e+01	3.201994685236540761e+01	1.315697479295178246e-02
3.392714544402109311e+01	2.584781567790525614e+01	6.570868124329470872e-02
3.459938010018246501e+01	3.101773495811923098e+01	1.538775868153023814e-02
4.165809291215278876e+01	3.004959177781062962e+01	4.985102151336191778e-02
3.424416494434371572e+01	2.972939588143166390e+01	8.123981707681604547e-02
4.411583847221899646e+01	2.895775530699893707e+01	5.475282276261823206e-02
3.103504578957505089e+01	2.755806599922611255e+01	7.284326790634088056e-02
3.853750007631248309e+01	3.573149953178619143e+01	5.440749920803440720e-02
3.021586234652380298e+01	2.915712289842368321e+01	1.631037716902349055e-02
3.039593546983130423e+01	2.413711982520984733e+01	1.049205052686227047e-01
4.373325229046357521e+01	3.501522182035096620e+01	5.546933615922910316e-02
3.748958375314971647e+01	3.241493100631790014e+01	9.377817496370477457e-02
3.829822035551487858e+01	3.511326941626318643e+01	5.690579992627826239e-02
4.238509902662997320e+01	3.427339856693799902e+01	9.213068438714594466e-02
3.660325653788234490e+01	3.521684170110838608e+01	6.385839456588324192e-02
3.810374662982516725e+01	3.254526186014575728e+01	2.973675927475165695e-02
3.802887224294492796e+01	3.621348071139263425e+01	9.722159070624827870e-02
4.348792858093088398e+01	3.117037788427413147e+01	5.657993252483592417e-02
3.729402402845082065e+01	3.423409206234784108e+01	1.644301193187228463e-02
3.778001568579060176e+01	3.238990883201871895e+01	6.727417853274239579e-02
3.814539230826702010e+01	3.710756218685280317e+01	1.177689227538096343e-02
3.762792896140162213e+01	3.356639494149461456e+01	4.549670061971062412e-02
3.826721503014585579e+01	3.220147840970414421e+01	8.208517013559799014e-02
3.388141976443046133e+01	3.087139980701810416e+01	1.112759773619218795e-01
4.030118780311760673e+01	3.402279574284256114e+01	8.543627299410377907e-02
4.154171108912508004e+01	3.757752871739808853e+01	1.721780091555047756e-02
3.546347182319501457e+01	3.044609467011358817e+01	6.668315241976865981e-02
4.296372110165096814e+01	3.305912199455752898e+01	8.712676005328764961e-02
3.953761757161380075e+01	3.438922102029978589e+01	9.434337002583900733e-02
3.765254585326494663e+01	3.177180954418501102e+01	7.295926324591781031e-02
3.775222469467372122e+01	3.285618325461381772e+01	2.465093646125659371e-02
4.062183916541142992e+01	3.596085811578254976e+01	1.792435433128994338e-02
4.175186579297701428e+01	3.725372542938175968e+01	4.859736668579920510e-02
4.683950512423299273e+01	3.484907448354658754e+01	9.391744022819328852e-02
3.946526883214642112e+01	3.879024505776883558e+01	2.633912102519457218e-02
3.752018887636241828e+01	3.422284056661401763e+01	5.167555276065590592e-02
3.761382219622559120e+01	3.264475953680020126e+01	5.622589235631188925e-02
3.403461784607804930e+01	2.975405384808538756e+01	1.092288640067253513e-01
3.594587643014089906e+01	3.432319673212724354e+01	6.809627147452439189e-02
3.567165885436808281e+01	2.883634244522311718e+01	1.044297071556538614e-01
3.827940839804940509e+01	3.062173144073125997e+01	4.958526887744648531e-02
3.885513217254598572e+01	2.746832384755479239e+01	8.671449670256872744e-02
3.745141668612382091e+01	3.367726600229036649e+01	1.708886519921141989e-02
3.773574630290669774e+01	3.312786854292148320e+01	7.286692017126432386e-02
4.035444138232679023e+01	3.206155438058618046e+01	2.103816410986021623e-02
3.813894970538351004e+01	3.307092881900432246e+01	5.133694984090972357e-02
3.702455697433149595e+01	3.106378130856669273e+01	3.230184153466438002e-02
3.607518540624717929e+01	2.840435620677524753e+01	1.324974057879915387e-02
4.300415403964498040e+01	3.527044648358113932e+01	5.616187605276074662e-02
3.630774171929466121e+01	2.972295658833294141e+01	5.573736092929849201e-02
3.825242940533802738e+01	2.985262402497951228e+01	2.460090812952480874e-02
4.079695080389023332e+01	3.327854161279780243e+01	8.159349012749844698e-02
3.711515821528740844e+01	3.055616778132754874e+01	4.779234210955796147e-02
3.628014754951033893e+01	3.462441011162349014e+01	1.051272527538264501e-01
3.940185790807052513e+01	3.754433274185507230e+01	3.959766392924915501e-02
3.409334610292704326e+01	2.903400762181959749e+01	6.068711156040575844e-02
4.125891741059474782e+01	3.715777792217913600e+01	8.269727726686945668e-02
3.085440281466487988e+01	2.550944663729626427e+01	7.276631965170135552e-02
3.808353763664681679e+01	3.182762181978236526e+01	1.286156248883225245e-02
3.619662455539080526e+01	3.346801672368010827e+01	6.558669092826335811e-02
3.484445127704582745e+01	2.878804518944674840e+01	6.400959730210187271e-02
3.280965329099637984e+01	2.720993799105302813e+01	7.123693037445104348e-02
4.019579889276548812e+01	3.186221926752679678e+01	5.082853291660253958e-02
3.770522929986501026e+01	3.073319769116199396e+01	2.706602830935730952e-02
3.880596421530576379e+01	2.844456417396929382e+01	7.108368909844886563e-02
4.785468282498396064e+01	3.386413564246778662e+01	8.590824139327313258e-02
3.773267446719286511e+01	2.975953401742650328e+01	3.373685679695390821e-02
4.526188856554912832e+01	3.522835239530252238e+01	6.015196113215778156e-02
3.973791992250479410e+01	3.417022878388501539e+01	1.893096308706614106e-02
3.299424701941992311e+01	3.179633685698581402e+01	3.187690816170508923e-02
3.931142497844426487e+01	3.689802510110092726e+01	5.494450416613894106e-02
3.870339817387920078e+01	3.310956220235625125e+01	5.964157586666415239e-02
3.614881513359562604e+01	3.291102267636261303e+01	3.638640100326877985e-02
3.993310413305086826e+01	2.726108007446304526e+01	6.291689746169201736e-02
3.455153462919999896e+01	3.071685536121507454e+01	2.727726697058788577e-02
4.292110031346186361e+01	3.679956077312551344e+01	5.135738827606387696e-02
4.160493592116751671e+01	3.039068588187172892e+01	9.391066657349989022e-02
4.332690430417346050e+01	3.475267350892627150e+01	8.066098048557573952e-02
3.073387378592411068e+01	3.022553851928907065e+01	6.236234248161121041e-02
3.417356501509291888e+01	2.910942156776034295e+01	8.742365141501676207e-02
