4.636157982396969857e+01 3.286310020968590351e+01
2.947247151117677433e+01 1.924284208101399685e+01
9.337078620690475006e+00 7.012543128021649252e+00
7.353694580391286095e+00 4.034436586043052664e+00
nan nan
nan nan
2.648014113933002278e+01 1.644660827220704391e+01
nan nan
3.980055051961178947e+01 2.919122439881262920e+01
1.670089900829297491e+01 4.523322070538918993e+00
4.836948694645505498e+01 1.505728701847695028e+01
4.708970830998539014e+01 3.720364581503534396e+01
3.966391296420110990e+01 3.304757704593736634e+01
2.805829483222521503e+01 7.412650108970261442e+00
3.247296355775478105e+01 2.725014198314788416e+01
1.954938432238198232e+01 9.167782106835408840e+00
4.265815558086588766e+01 2.655115961724121121e+01
3.227074558389622183e+01 2.410473079548498276e+01
nan nan
3.689884868798781525e+01 8.631456014844397728e+00
2.114175157472875455e+01 1.495348374844170536e+01
4.079578311680567992e+01 2.177117947616940086e+01
nan nan
nan nan
3.535880454658177996e+01 2.553644816424140274e+01
4.640025975173227124e+01 2.642941568978577038e+01
4.617971527331685166e+01 1.749705878280051508e+01
nan nan
2.448449194962778463e+01 5.544735027441953790e+00
1.982655616341705596e+01 1.606892229231017311e+01
1.796768638689487219e+01 1.619981262015892298e+01
nan nan
8.874847368251860047e+00 5.522076309415535178e+00
2.162542423291731453e+01 1.515595413269388558e+01
2.672363560706008201e+01 2.416170040765091542e+01
3.223710707161978206e+01 1.548367902176895683e+01
2.734222486652335959e+01 2.405582729642325290e+01
2.939875782763659728e+01 1.748440107078300798e+01
4.738159989440016062e+01 2.186535129450806281e+01
1.491554451831921391e+01 5.146071687819380180e+00
nan nan
2.799536287957460345e+01 1.223695360153401523e+01
3.680930264343137281e+01 2.767140127221070500e+01
4.338351055316756089e+01 2.694662132288724976e+01
nan nan
2.934399323749493149e+01 1.262838190443799569e+01
nan nan
nan nan
nan nan
2.765509994922875237e+01 2.372879545385245947e+01
3.034302207102372861e+01 1.438115782767828854e+01
2.703726009250237539e+01 1.361111004098908239e+01
4.035699634896963062e+01 3.966499061636614698e+01
3.278056684125479592e+01 2.991161000399134551e+01
3.907777890402817889e+01 2.440958902133579755e+01
nan nan
4.288836381285965160e+01 3.326428883974205064e+01
2.614416866935732742e+01 1.603038784555673146e+01
3.334069143109000777e+01 2.712324945097696371e+01
nan nan
nan nan
3.001576129881239297e+01 1.240927300324697491e+01
2.559085009889474804e+01 1.992970206379188625e+01
3.791296307238896190e+01 2.155294339680493110e+01
2.433434822584069579e+01 1.057413773337362706e+01
nan nan
4.160093045508864407e+01 1.906718534731103176e+01
3.479419140880983718e+01 3.068569650764879242e+01
nan nan
3.147820440939550934e+01 3.008114773232959394e+01
3.902360433095862646e+01 1.562962678423691543e+01
2.702382585424698647e+01 2.161700915113381782e+01
nan nan
3.454762835210513572e+01 3.355257493656832679e+01
3.187952976797153504e+00 2.611842222044626016e+00
4.418148370679736558e+01 1.635644239933118982e+01
3.215534931101323224e+01 1.822504648752538259e+01
3.875238783408590137e+01 3.500903911093123355e+01
nan nan
1.536967201422531737e+01 1.322535050170644233e+01
2.022745599279261342e+01 1.623752925289666393e+01
4.071673789063799376e+01 1.205359833414033233e+01
1.708180930453785962e+01 1.572605664675280934e+01
2.566521426462120914e+01 1.035387179125704549e+01
2.339867915285262612e+01 1.554858648535099519e+01
4.517086038386298696e+01 4.100581249823539309e+01
nan nan
4.286935609039228012e+01 4.104668316090350544e+01
nan nan
3.888811191576048287e+01 3.645530629871902306e+01
nan nan
8.128695788796894917e+00 7.360382159661060797e+00
nan nan
3.080715589500453078e+01 2.630902390906314636e+01
6.039286751772290351e+00 1.860055953459874623e+00
3.414739542193108690e+01 1.080012937098545223e+01
nan nan
3.472165685269086310e+01 2.372422579541400012e+01
nan nan
2.081841052780410450e+01 6.058642261057330280e+00
