# m1_source	m2_source
31.087	27.453
32.685	19.151
47.593	33.940
47.873	42.709
19.703	11.607
40.110	29.631
38.675	16.210
36.481	26.486
41.997	12.072
45.474	35.066
30.708	17.374
32.603	30.599
44.308	21.375
28.129	16.174
36.028	28.384
33.368	12.681
38.930	24.732
27.201	15.888
26.088	24.739
43.907	23.427
30.241	15.875
37.036	11.360
18.016	11.827
37.613	21.564
35.583	29.069
23.910	13.683
40.788	40.636
49.043	33.093
43.972	31.655
33.584	18.806
46.965	12.746
32.841	21.483
31.030	14.632
11.250	10.862
46.434	22.939
46.531	24.379
44.659	40.317
42.485	11.852
46.873	38.589
48.146	21.788
36.911	18.035
39.696	26.008
26.067	22.122
47.075	31.664
33.215	25.026
26.068	10.414
48.284	18.673
22.872	21.563
43.105	19.734
34.485	16.596
36.069	13.067
11.803	10.040
46.510	34.702
24.888	17.687
42.228	26.908
41.882	40.020
19.219	13.860
25.172	22.227
30.728	10.695
24.463	20.832
32.557	10.573
46.212	17.885
35.304	9.820
24.830	17.585
19.167	12.879
47.031	46.892
41.174	17.798
33.064	22.076
39.085	17.943
48.897	11.466
39.158	35.345
34.694	32.050
28.888	24.787
32.552	31.340
43.249	10.789
43.818	36.854
28.968	27.860
38.906	28.181
46.326	39.036
26.666	22.978
44.371	44.273
45.282	33.736
45.993	19.633
45.108	34.412
35.288	31.726
32.687	17.410
10.752	10.164
33.726	21.423
31.948	21.396
18.956	15.068
28.287	13.161
47.815	10.897
19.441	18.800
48.103	36.888
22.282	9.977
22.572	10.166
42.007	15.948
40.011	23.849
43.122	16.440
33.106	31.773
