nan nan 4.425888484996037264e-01
4.720466098453046300e+01 3.275381383593713736e+01 4.660164073077875842e-03
4.878876513441264962e+01 1.942801837474181781e+01 4.149415637255131351e-02
nan nan 4.548945454620759166e-01
nan nan 4.915794676660392160e-01
4.110640262116479704e+00 3.226199043924635301e+00 3.877932239827002747e-01
2.668564978150786615e+01 1.395427812687979063e+01 1.854212529153311806e-01
2.024144774972439365e+01 1.206426625700510336e+01 3.038292269295219117e-01
nan nan 4.368430052569005073e-01
2.190018681825680602e+01 1.590151108611917685e+01 3.359569500125045294e-01
nan nan 4.892825439985945546e-01
1.703970729741482870e+01 1.608797638649993189e+01 2.472599049991933695e-01
1.802468409326596799e+01 7.977587343451948421e+00 3.240028167164044071e-01
1.167901129152373407e+01 6.853774660120669715e+00 3.642810891989582966e-01
4.280876561431129801e+01 2.282605615186140824e+01 1.221816622989206486e-01
4.572369038359642701e+01 3.453883407089956847e+01 8.743424205006025685e-02
2.390569929206858646e+01 1.274845880296039269e+01 2.788751242605665981e-01
nan nan 4.688225974608739577e-01
3.169092792517820811e+01 1.513000861947213060e+01 2.553534376194820377e-01
nan nan 4.819222984899585449e-01
4.387134694567341597e+01 1.206093395215763486e+01 5.633901549138342624e-02
3.994703542969429577e+01 2.970258316194739479e+01 2.017990428424802918e-01
nan nan 4.862145286262952171e-01
4.453850388983105546e+01 2.602550755342977951e+01 1.017561096851736097e-01
1.846580906698259739e+01 1.489891942804876201e+01 1.906559436876975877e-01
2.329844128976263917e+01 7.610909249288297929e+00 3.014316295561340064e-01
2.079294142832524628e+01 9.503623961061597569e+00 3.221626865575935028e-01
3.366707287588342723e+01 1.608793027292414024e+01 5.470223502106692781e-02
3.045724142394137246e+01 2.576928278221745927e+01 1.237923490924573294e-01
4.261517201237757035e+01 1.996642347381330751e+01 9.287858308885525715e-02
3.291895290401552643e+01 1.906686316835470762e+01 4.115416306152180209e-02
2.999970728636278139e+01 1.398908204160176361e+01 1.787206499205562238e-01
3.753105679261163630e+01 1.852954925560088384e+01 1.253723588170838343e-01
3.359313438103990990e+01 3.051805626358591539e+01 2.618207140942990230e-01
2.926307763987590249e+01 1.813893418743419872e+01 1.802917865806170361e-01
1.171839480328313954e+01 8.585667290294258791e+00 3.617004007745541205e-01
3.392996095565511183e+01 1.323756108595381598e+01 1.896314963359714278e-01
1.269908225724731032e+01 4.300427584235343659e+00 3.507091118874491320e-01
3.091320795302944902e+01 2.766355440887127770e+01 2.288555326695254633e-01
3.413843195130892383e+01 1.187060161019599569e+01 2.550239188760040077e-01
1.861394174380598443e+01 1.462085295742621582e+01 2.633290137004372644e-01
3.949718489635493768e+01 2.217231841890007615e+01 1.914030568009630340e-01
1.425654430737100675e+01 8.397748753658715870e+00 2.166891177366768173e-01
4.014420312537006907e+01 3.450910755666522789e+01 1.710441274767846020e-01
3.198317261348416807e+01 3.141598800547648906e+01 1.516584495113324493e-01
3.135856581693020928e+01 1.018812904843051470e+01 2.744647732656103067e-01
nan nan 4.598170844691895076e-01
1.246251278377159544e+01 9.371543640055765678e+00 3.633479433600897979e-01
3.452064272965533576e+01 2.897271967912586632e+01 1.597501411729365661e-02
3.383388761136335177e+01 3.283756489217638119e+01 1.544660834095125945e-01
1.906712586031316903e+01 1.314244161729679838e+01 9.274896953069589056e-02
3.042284349498273954e+01 2.843300490815366643e+01 2.347989158511147034e-01
4.090899119652303284e+01 2.558798407358505145e+01 1.960279200598449567e-01
2.344096015028319968e+01 1.727090350049315148e+01 2.767351527852682791e-01
2.922476726970794303e+01 2.825140090638485546e+01 1.706477527834640018e-01
2.628037811668819046e+01 2.624985012819553631e+01 8.943660005302045413e-02
1.173015966214995842e+01 3.508748141276996524e+00 3.645383610509125294e-01
4.541283572302643279e+01 2.555915671716497428e+01 2.133880737556423379e-02
3.923690229407088026e+01 1.183844248727577764e+01 3.832671958324183198e-02
3.181098987238124920e+01 2.305683477852194940e+01 1.089619124903728337e-01
3.401418940220644060e+01 2.961000013675385745e+01 1.969378167968722226e-01
1.097971736270205056e+01 9.296375438533347690e+00 3.747543898160982656e-01
4.396041036516095346e+01 3.573935683208947722e+01 1.254097778265332030e-01
2.168614553288189839e+01 1.954224977423091758e+01 2.687428601384594939e-01
1.809874506847945241e+01 1.209072974161139769e+01 3.327883202335451540e-01
2.665354425736700250e+01 1.216751856724572889e+01 2.979974181579893022e-01
2.718493540652353602e+01 6.071184718797113078e+00 3.044639559443133581e-01
4.032188843200846406e+01 2.336491291068281839e+01 2.024212388554412489e-01
1.880880064421156206e+01 1.014747603866778825e+01 1.706826771280961219e-01
3.307406317909365612e+01 2.500896926942820642e+01 1.807171669839115757e-01
4.776190253850514722e+01 2.940384676304550737e+01 9.981410459536625701e-02
1.826619708373959838e+01 8.991474107477262834e+00 1.589091742183712241e-01
4.794564509270904296e+01 3.341060886998116075e+01 6.079411335673062106e-02
nan nan 3.967529440600620072e-01
2.444900681814884180e+01 1.984079453512197944e+01 2.523364349460340827e-01
2.720200149876669826e+01 1.336268216213990279e+01 6.585012438490270292e-02
1.468887424212763193e+01 5.731999199842133130e+00 3.579435953899491318e-01
3.609661245080673098e+01 1.266407038127126050e+01 2.234943558207046765e-01
3.846196957739460132e+00 2.068008574038897152e+00 3.853100805892445413e-01
2.891683732348611358e+01 2.022247003232520157e+01 1.673888932021482534e-01
nan nan 3.929197692803594877e-01
3.672433205697476666e+01 2.493681610204236776e+01 1.457876343062183278e-01
2.561155050620003237e+01 1.526378555214025745e+01 2.493389478298853601e-01
2.706962600992338608e+01 1.083410906966776466e+01 2.182941937174349700e-01
nan nan 4.627727983869673878e-01
1.307707431123696296e+01 1.288788062442270466e+01 3.148575674931657353e-01
1.921444877425253495e+01 1.538636287004296044e+01 1.799371948168254978e-02
nan nan 4.669528239099726141e-01
4.932576037702069982e+01 2.653419251580242033e+01 3.822556946865202521e-03
3.469337264780504881e+01 1.634103395647417045e+01 2.167179816671376824e-01
1.875209882785619087e+01 1.066155288199453288e+01 1.256137718953971305e-01
1.261281739619058229e+01 9.747451895635448338e+00 3.351820050257848238e-01
nan nan 4.526558312737267720e-01
3.169543824057061343e+01 2.680671845595988145e+01 1.742328169052212994e-01
3.774665472614680084e+01 3.195438044465850425e+01 1.696620414238982633e-01
2.753048605801695814e+01 1.704388822043676299e+01 1.583795504534394605e-01
4.283754813734969957e+01 2.888904547146576718e+01 1.467519294606396130e-01
3.084367793721503404e+01 2.338512093041747875e+01 2.521814025897683442e-01
4.520883921814556317e+01 4.470806702401683452e+01 1.317373811272542217e-01
nan nan 4.805379631439354315e-01
