nan nan 4.526222361940198669e-01
nan nan 4.520441008882409295e-01
3.405745395990341251e+01 1.693177009804755784e+01 1.950530365070725636e-01
1.444591584254686545e+01 7.556961479978365759e+00 2.674691714450674329e-01
2.168433595663885427e+01 1.057711760479135599e+01 3.348941488615808648e-01
2.276383795142291788e+01 2.143585259154120592e+01 2.700295556105370975e-01
3.930031806930245608e+01 1.706395494097782972e+01 2.021030322002652924e-01
4.000449417391607199e+01 1.002794386341247801e+01 2.095451492661853932e-01
2.135696533950011755e+01 9.595404661678536229e+00 2.403189344323809484e-01
2.168452730915302951e+01 9.766641700267399528e+00 3.180634298248801173e-01
3.713741278453181849e+01 2.264864103657169991e+01 4.354418064670212418e-02
3.406083461207837360e+01 2.660063765875713671e+01 2.067445641012722324e-01
1.991255300237944681e+01 9.412457126600338952e+00 3.036441944683099803e-01
3.909499849502902435e+01 3.214883741620899116e+01 7.719331238114564286e-02
1.939683277344226298e+01 1.323627136814719307e+01 3.439512984321840827e-01
4.868402980524761148e+01 2.031704230555211055e+01 1.027127215005644092e-02
2.281732064735798104e+01 1.234603564810175413e+01 1.161080230385672270e-02
3.683230436938261931e+01 2.261855855185216413e+01 1.815447458987109186e-01
4.424831698929200030e+01 1.859092438644501044e+01 1.539661523602419702e-01
3.317802664259332346e+01 3.167063065016652956e+01 2.613893379823906127e-01
3.277034559102854416e+01 8.615883916902550510e+00 2.703388217662932025e-01
1.786845913443645273e+01 1.041136565271661851e+01 3.457825671671295176e-01
2.121898474669540491e+01 1.024527695471646993e+01 2.096939061328113585e-01
nan nan 4.410677034965014842e-01
1.479214976682509608e+01 1.185911457463504881e+01 3.016547751406201128e-01
4.636399157662687287e+01 3.554671969628552830e+01 7.299955571998217874e-02
3.232435749241512468e+01 1.671944693741626153e+01 2.733643932149322220e-01
3.643284820492915799e+01 3.503022749204676245e+01 1.430172084548202438e-01
2.835184076642867268e+01 1.684903164433948319e+01 1.996321091079341081e-01
3.687675448234237052e+01 3.050357739139141344e+01 2.391416228157908219e-01
3.068971616867974372e+00 1.700585083184090518e+00 3.848463812509601567e-01
3.390655279960363799e+01 1.044866327134181105e+01 1.308365512379039142e-01
2.112148955905318815e+01 9.022725561707728659e+00 2.103782583722084432e-01
4.419777068014389698e+01 4.296689476086061887e+01 1.405235293999921586e-01
2.486997518430382925e+01 1.407692741932786440e+01 6.284319284900411438e-03
2.740369182352423039e+01 9.832203058915688132e+00 2.721493954872554188e-01
4.436155953081229342e+01 2.660822041347449485e+01 6.613991332781378463e-02
2.674284226852117996e+01 1.659592907407408546e+01 1.622757532186728247e-01
9.969106214035402758e+00 3.797423599219805546e+00 3.683563581653691021e-01
2.014869703067811813e+01 1.287307308550848539e+01 2.876719562468280644e-01
2.277046737045323965e+01 9.339533589184272344e+00 3.178362391768454476e-01
3.990117269799131350e+01 2.070554722880659781e+01 9.674911127392696319e-02
2.851184638208792066e+01 1.884718874588520521e+01 2.349871921957316367e-01
4.700615846648818774e+01 2.505750426694073951e+01 1.001593641771778703e-01
4.117734870758383181e+01 3.422407162696478622e+01 3.565606661083690204e-02
4.078218675681021210e+01 2.213510995389056646e+01 2.014735162502739596e-01
7.319380844407496589e+00 3.623144852585047371e+00 3.811008688905156427e-01
nan nan 4.163100101107801154e-01
2.079901074454295795e+01 9.904042978441379930e+00 7.142892875738407477e-02
1.964394297530306943e+01 1.826023622742901509e+01 7.396343782922412680e-02
nan nan 4.975779016803939525e-01
nan nan 4.377165781651523035e-01
nan nan 4.798753331345609330e-01
4.669799951613256184e+01 4.234491549592742388e+01 8.151235911894956498e-02
4.335447998204629272e+01 2.022775377489620752e+01 8.399030151487552054e-02
4.428844327901727240e+01 1.410447952356203061e+01 1.559038452816150777e-01
2.936557151345559902e+01 2.401639448303476243e+01 8.067591997198256260e-02
3.762030495650449780e+01 1.040407412390458575e+01 2.256474613208772351e-01
3.138407113414066529e+01 2.437602494311237322e+01 2.640782975385184694e-01
2.987063031605424612e+01 2.695808339440041124e+01 3.954773887453501280e-02
4.037993949135007909e+01 3.369437206732023071e+01 8.132761441688054690e-03
2.388981197044754623e+01 1.907675691155732522e+01 1.149911245307317920e-01
4.465732476317030120e+01 4.373087028391589115e+01 3.755957850512114948e-02
nan nan 4.300752878791325728e-01
2.129426293019595562e+01 1.283216938165620924e+01 2.627240121219586166e-01
3.270146123915452563e+01 3.069805934415591153e+01 1.948121776038075903e-01
2.312409798358314816e+01 7.895808827920744122e+00 3.131918899453484118e-01
2.263823097777698834e+01 1.061993248200803031e+01 2.842995203423231421e-01
1.661230264470353291e+01 1.654168684035863279e+01 2.389067339072103169e-01
nan nan 4.762150179593473975e-01
3.024654325379730224e+01 2.352661546369728995e+01 1.401971555235908239e-02
3.533901235657370421e+01 3.324345080475503522e+01 1.136453745673049985e-02
3.595003542470637115e+01 3.020342656117146873e+01 2.055279450815849229e-01
2.893640147924550377e+01 2.470588209561370263e+01 2.902431030008733592e-01
nan nan 4.488271202815677929e-01
nan nan 4.487266847707205297e-01
1.918574637933669180e+01 1.511706047643777495e+01 2.515485236081542175e-01
2.045141624985740236e+01 1.320483318898601865e+01 3.102412259926719540e-01
nan nan 4.567842616411242895e-01
3.338324364831770907e+01 2.318572800864349048e+01 2.529251033752816791e-01
3.823195579840310643e+01 3.578239544975041042e+01 1.797728595827519371e-01
2.382654169202819716e+01 1.868827062450322529e+01 1.354192888004814854e-01
4.171609078142952143e+01 3.616143254719442979e+01 1.776037526617200157e-01
3.516055146388428909e+01 2.479541824618973678e+01 2.007440438801056382e-01
3.820116930131051447e+01 9.326681252957472523e+00 2.233258161771416450e-01
2.188452810075095556e+01 1.069828452671590746e+01 2.644451371950204965e-01
1.181223569062179735e+01 6.023984703835993493e+00 3.587812436845890240e-01
1.406741450589266229e+01 1.060024716426204705e+01 3.455312241404681628e-01
1.155574901563189627e+01 4.885110592793835416e+00 3.695518625892073583e-01
1.733436238599098544e+01 1.433176280352038212e+01 7.496147655550855493e-02
nan nan 4.372810583955197838e-01
3.545364066151208249e+01 2.293682167195808574e+01 2.349422526698436431e-01
2.786246455492564067e+01 2.579671917881267618e+01 1.865288017609647853e-01
2.665937254829426806e+01 2.289195914365754092e+01 3.061523206212780068e-01
4.188925844707774360e+01 4.171352407654976702e+01 1.534695442603653814e-01
4.541018963155958943e+01 3.462038240162001301e+01 7.643523134128389629e-02
2.359703611535131174e+01 5.483055636571561919e+00 3.166510684692750432e-01
3.599834137890655228e+01 3.221724916733517574e+01 1.481933667932047727e-01
1.006042593458360557e+01 2.925455669553775451e+00 3.700619462847288821e-01
nan nan 4.768747391313326034e-01
