2.624780242671874220e+01 1.596145549696753463e+01 3.055340640942764696e-01
2.585826222578192812e+01 1.506934611701367288e+01 9.532580648069820251e-02
3.395375700542604847e+01 2.434454521678879857e+01 4.361774463636333005e-03
1.405588624496474459e+01 9.094156627520602498e+00 2.652856227740786332e-01
3.235450449213193735e+01 2.577779857051868007e+01 2.621280488160152022e-01
4.400878737327754209e+01 4.006438529341832577e+01 1.709478708239270117e-01
4.103214489536204468e+01 3.994321914427434450e+01 1.791317407361903979e-01
2.349303756639670482e+01 1.442844843932334875e+01 1.388164048453982558e-01
3.265651216823192016e+01 1.849618855391764072e+01 5.577509505948051449e-02
3.302987053809140150e+01 2.127531003150708244e+01 1.651864214350296997e-02
2.979104012166488502e+01 1.252292403142750565e+01 2.757521153623611609e-01
2.571764714181521327e+01 2.547946789209806795e+01 2.154661036099232985e-01
3.178684646589840312e+01 1.664806021356409005e+01 2.714792461282571900e-01
4.227829232011454508e+01 2.693471677148699683e+01 9.028152020130225663e-02
1.088458284123359832e+01 6.846252699709986622e+00 3.735834526668354028e-01
1.239379068812167972e+01 1.232103456180785628e+01 3.598496275527240940e-01
4.715902578833375003e+01 1.611335134996661722e+01 1.080693256516840339e-01
2.322736488634061303e+01 1.193117297590702108e+01 3.240990936313929427e-01
4.566012379544557120e+01 4.436143970355234245e+01 4.016371119964542297e-02
1.287899371226870571e+01 6.374452707016598829e+00 3.618440492465740399e-01
3.739774370769480782e+01 8.955872231820247720e+00 2.181775240791440362e-01
2.574766649172308064e+01 1.284443698193765293e+01 3.202993214465083699e-02
2.990633144615786065e+01 1.388053841087554652e+01 1.751360355648385603e-01
3.992693538603548120e+01 1.705744434899321504e+01 6.832595442587555135e-02
4.220684151025903219e+01 2.893275813907483496e+01 3.797101179097559648e-02
6.780915987556011437e+00 3.436642736090646189e+00 3.640605911662829208e-01
2.071062489070546420e+01 1.019344584577135571e+01 1.275727743868906860e-01
2.623111651721874082e+01 2.285078188359309692e+01 2.760356955067045370e-01
3.379524201977270792e+01 8.936188302695100560e+00 2.308856628091005003e-01
4.917757646643612190e+01 3.794491053701077021e+01 6.148453383872160699e-02
6.874450615677554666e+00 4.379490750553848066e+00 3.600631604549622833e-01
1.042673195179107282e+01 1.023602928653937205e+01 3.583361728975802962e-01
1.964244539500853648e+01 1.551471877669719035e+01 3.454303675909298210e-01
2.673480075907674092e+01 2.364239675949000485e+01 2.072881502209004967e-01
3.233718608822805152e+01 2.476742183363886340e+01 9.823395667201539894e-02
1.959643321573659946e+01 6.691730342365058704e+00 2.993532834506365536e-01
4.868950417027053135e+01 2.153323298599402591e+01 7.147129556014512886e-02
2.065597409393511441e+01 1.361368811387743882e+01 2.691742498550100393e-01
3.583454385119028984e+01 1.388503439426591690e+01 2.623731237339583383e-02
4.144071191843882218e+01 3.260088727279403287e+01 9.840898563322930670e-02
3.522230365152954334e+01 1.183403725453375621e+01 8.886137424055826073e-02
3.474560556073970474e+01 1.200071599822332757e+01 2.172819892116819862e-01
3.462286889124394662e+01 1.479639333228989528e+01 1.697673572034089917e-01
9.991672297071392705e+00 5.571092761302026020e+00 3.664275381599492731e-01
2.811796177216083947e+01 1.891752960166574837e+01 1.756448952362110738e-01
3.881476614593809416e+01 1.133054201352926249e+01 2.128260872098459988e-01
2.643841132178635789e+01 2.317943393151694309e+01 1.866345444635120476e-01
3.650255816594848568e+01 3.184083591341913078e+01 1.483027923171044080e-02
1.636442864662141261e+01 1.139873038962321239e+01 1.302826916772583006e-02
3.021932510431508589e+01 1.132684816870810884e+01 1.799389471899068412e-03
4.449651064741946982e+01 2.061858367548386184e+01 9.026655963307951558e-02
1.511626797928036225e+01 1.457299920221589851e+01 1.859690033865443182e-01
1.529308786554101118e+01 9.233849494482994302e+00 3.489046221717094776e-01
2.543180211111096867e+01 1.491293833197507723e+01 3.114461599305477502e-01
2.692525664593491541e+01 1.476153649057438599e+01 1.835503246059240756e-01
4.285911929591529201e+01 3.107036290489842045e+01 1.615991882822260528e-01
2.409143807745867605e+01 8.767972174027169885e+00 1.800296973282894397e-01
4.127171367038890537e+01 2.639035409657266840e+01 7.252667691463871025e-02
3.434400907207329112e+01 3.268227489724272061e+01 1.477266409167100614e-01
4.010598386181475661e+01 3.765387378441344879e+01 1.390323111072173656e-01
3.220466758686231401e+01 1.718404740209947335e+01 1.717822203495429981e-02
1.527703149840298735e+01 1.162816037579835360e+01 3.472617123655900584e-01
1.809841920974173490e+01 1.080055367300489166e+01 3.325790996232328989e-01
3.688391014465059925e+01 2.043629737922690737e+01 8.229716351931821994e-02
8.719594891754255173e+00 7.075226615740019653e+00 3.046285978072548195e-01
1.901817020021978522e+01 8.853054580895101111e+00 2.692935206086813915e-01
2.910922199716470971e+01 1.799472531443101886e+01 2.900956585545430566e-01
2.190085850539394130e+01 1.051673522775272751e+01 3.084399776109726932e-01
2.629466509269541419e+01 1.231119558748716969e+01 5.888671524116171480e-02
1.349158407300171802e+01 7.530775697689913173e+00 3.529618814704529317e-01
3.053418114173403453e+01 1.677940016109396382e+01 2.473414780971806837e-01
3.641177854468408981e+01 2.017567143229827309e+01 1.859477447126958172e-01
2.140543020765351301e+01 1.699937057587403189e+01 3.095827349907714909e-01
1.743471622610557858e+01 1.271332957376487904e+01 1.313182118794309627e-01
3.019972735392979146e+01 2.416181275210226786e+01 2.532767195553522477e-01
2.764861547049904544e+01 2.551494208399380881e+01 1.014294385346492799e-01
2.637019689507662790e+01 1.792910222152578470e+01 9.262061046829231717e-03
2.679900980921410536e+01 1.446474574229629617e+01 1.349973737949450581e-01
2.940079595352718655e+01 2.807170970563629453e+01 1.373245021098177532e-01
3.808584314824238959e+01 2.693545871603886255e+01 2.332462645658301137e-01
1.298136763514006198e+01 4.814791281433429049e+00 3.581756904527848007e-01
1.814779019021448647e+01 1.516367732643480082e+01 3.478508693058977586e-01
1.678771254482653319e+01 1.092457118399812188e+01 3.194214728322765096e-01
2.771936170306278413e+01 1.983100550593648492e+01 2.024385100327019682e-02
2.224095401290496099e+01 1.024522677622974420e+01 2.693683232280321693e-01
1.224920872448423204e+01 5.957282063865206645e+00 3.533102243738062143e-01
3.973757673479409647e+01 2.801959498862182585e+01 1.752584449807689515e-01
3.407452781484657578e+01 2.561165810769691475e+01 2.677474398130835209e-01
2.737605831344020046e+01 1.820969718042239904e+01 2.696896259510281335e-01
4.202899945316215735e+01 2.400174191365613652e+01 1.812527372974765683e-01
4.129758905858014195e+00 3.172210698746194879e+00 3.690888541028767289e-01
2.668901778238025457e+01 1.301860666315153381e+01 5.698467829754014224e-03
3.646606281410796413e+01 1.242903152716089288e+01 1.323064317528716838e-01
1.532266635657021858e+01 1.359401117113292656e+01 3.575001683352490023e-01
2.607415581493243906e+01 2.135677743304407628e+01 2.944734897485519753e-01
3.272678194232508275e+01 1.252719466201580190e+01 1.381701494472488134e-01
1.669057730222606395e+01 1.245819959285603140e+01 2.736839822354468488e-02
3.721166350697239267e+01 1.807919071283611601e+01 6.977239574911785203e-02
3.641734522110157002e+01 2.313202122744980116e+01 1.727134478868268541e-01
1.369787472658461169e+01 1.326157812400814073e+01 1.524830928061545743e-01
