# m1_source	m2_source	ecc
4.918910932375213463e+01	4.023711756981217036e+01	1.455097924894335759e-01
4.952407397442486570e+01	2.887020459638572234e+01	2.744178333812646517e-02
4.416645171439245132e+01	1.226199189332007933e+01	9.648624820248458134e-02
4.958349249381846846e+01	3.583971484582701805e+01	6.563314352048553457e-02
3.760488658135109574e+01	3.193228456853644559e+01	1.153744282595833281e-01
4.510408157755009739e+01	3.465988062888595778e+01	1.923860587739163464e-01
3.482847992788608593e+01	3.115098091797243285e+01	9.753682810279395987e-02
4.576987231484552865e+01	3.287827364543359465e+01	1.495806849733026522e-01
4.259317252354376393e+01	3.151537769294818858e+01	2.017504339592152834e-02
1.631082985886740033e+01	1.008089151719586596e+01	1.007823781229494620e-01
4.779515222048536316e+01	2.737662235063823246e+01	3.894460474146042156e-02
3.184085032670510529e+01	2.926551682024000200e+01	7.958513881655563185e-03
4.589674677202688713e+01	2.039956241016264471e+01	3.145962821078112509e-02
3.550312177706998540e+01	2.594509020345162753e+01	6.232845133588591630e-02
3.571438817747955596e+01	3.188809100718694722e+01	4.863642927552629114e-02
4.529654482212166045e+01	2.861669653906661281e+01	1.230336722083162984e-02
2.135838778994977005e+01	1.866627272726240960e+01	1.267061969160346857e-01
2.777397054136518051e+01	1.643121775381479921e+01	1.204528203353762983e-01
4.882568636082727664e+01	3.726949307054604787e+01	2.818097635951840110e-02
4.390976476810341467e+01	3.100914934838531067e+01	1.507150569400432516e-01
4.277855800434507927e+01	2.350327469653310430e+01	1.863741944899199032e-01
4.988646911322815924e+01	4.413174682295244367e+01	1.326809872381646271e-01
4.936036910030026092e+01	3.281025316260411273e+01	3.935285722999300184e-02
4.960791619818773768e+01	2.068723812728237021e+01	1.183106225128731509e-01
4.219172102341316588e+01	3.181341275829936066e+01	7.635835067270842214e-02
4.138422457809105026e+01	2.680126653109826051e+01	3.514110638796122399e-02
2.165701648345960706e+01	1.656854530407614590e+01	1.851190989175519053e-01
4.688266563568671330e+01	3.770935569773973839e+01	1.633891528855471731e-01
4.425861377913289374e+01	2.915279106961904176e+01	1.194331061408964584e-02
3.012506777884805587e+01	2.987639351761924544e+01	1.678489225624242021e-01
4.180916307822732136e+01	3.583139824507648541e+01	1.931794940535506155e-01
4.220550736198296704e+01	2.151992025674416809e+01	1.027909804210456884e-01
4.837522770812015693e+01	2.201939651621303184e+01	1.016922121065500922e-01
4.980400171484323124e+01	2.538092326299036472e+01	1.527304031418229291e-02
4.950675158524123276e+01	4.073939528698097945e+01	9.169006419357572657e-02
4.716345235111461420e+01	4.460259463489599341e+01	1.485654331688243401e-01
2.422726765166665075e+01	2.118034566822693066e+01	9.129156894142708908e-03
4.604507503180511918e+01	3.324374872583420881e+01	1.192176150993864703e-01
4.142275011006736207e+01	2.625823895367480532e+01	6.587525028924387516e-02
4.365933752665682022e+01	4.365217543458628313e+01	4.063991525248266193e-03
3.800674932307496334e+01	1.491505334412143924e+01	3.647076428087601963e-02
4.295854050519448464e+01	3.741817057882305875e+01	7.923680917711856120e-02
4.325651852717923873e+01	2.557234058791796372e+01	1.411119078615896139e-01
3.304766602810758513e+01	2.459015508475875578e+01	7.339407972798017710e-02
4.493949400061663368e+01	2.006763453367088346e+01	5.276837698158251544e-02
4.580976275570176171e+01	3.340204647288143747e+01	1.565347189675516948e-01
4.318685391012891017e+01	3.641618424645993457e+01	1.620351042774709205e-01
3.957378487441736326e+01	1.385405540414055636e+01	9.914305656972050018e-02
2.771740183119182532e+01	1.988751965372848218e+01	5.481694843982917731e-02
4.921762542091659043e+01	1.511092458944512629e+01	1.551248671162239468e-01
2.711758748137126673e+01	2.673572784385335055e+01	2.625264175966713492e-02
4.967879101084113103e+01	4.042870238069330924e+01	1.574952525966631656e-01
4.538239515256925927e+01	3.170294046925801368e+01	2.399990097671516470e-02
3.706307148934789097e+01	2.077805872399647313e+01	1.779275625520267967e-01
1.251722834676977847e+01	1.197578851001534872e+01	1.146922616112356491e-01
4.416582895693800737e+01	3.376876199293749892e+01	1.212808463468928455e-01
4.970190127888464104e+01	4.070449358310774812e+01	1.252179242197366260e-01
3.961136557731396834e+01	3.526237598895264114e+01	8.418598387832232355e-02
4.723532039979242825e+01	4.082381348054194348e+01	8.475601994088617641e-02
2.508938534791846919e+01	2.135428752679409570e+01	1.937522578738436196e-02
4.574463617911267477e+01	4.212871538967723239e+01	1.010072936928698394e-02
4.948813801933150103e+01	3.068031930082708314e+01	5.980812283411157670e-03
4.355965779392888493e+01	2.222167660710941917e+01	4.061465605542988883e-02
4.068113894914670681e+01	2.574415724464909516e+01	2.528997075254874050e-02
4.868309021804598302e+01	4.298791667940831474e+01	1.910195621825860890e-01
3.353214028936615421e+01	1.953564909671558070e+01	5.200914294438130359e-02
4.832107657974165704e+01	2.329659112297621704e+01	3.875429243157196835e-02
4.466721412862712981e+01	2.723716200416780353e+01	1.691899558577385498e-01
4.576987231484552865e+01	3.287827364543359465e+01	1.495806849733026522e-01
2.633670032041478493e+01	1.905969171716826693e+01	1.194583201486764876e-02
4.417874166437751171e+01	2.187100353697311306e+01	1.432897668926841894e-01
4.686652701642134389e+01	4.224164464093141191e+01	1.368966776873824578e-02
4.502272686053337480e+01	4.431339344295697913e+01	1.957714818806489399e-01
4.985105301202519712e+01	4.951247451726165849e+01	1.128847932777897745e-01
4.933141039313116494e+01	4.605553849373617226e+01	1.983842828218675969e-01
4.807603283627513946e+01	4.360224812913170922e+01	2.075153011624138177e-02
4.241168032072144456e+01	3.982242371397958891e+01	1.888586440890188123e-01
4.674366529601562092e+01	4.670127438452545476e+01	9.654522994912514977e-02
3.175932245934640363e+01	2.423347300710943131e+01	8.589620603112579911e-02
4.839971410651499895e+01	4.537727009112379051e+01	6.543026481473306066e-02
4.235752009257768691e+01	2.963066333806492025e+01	1.138356686733330708e-02
4.156439850669334390e+01	3.421485449370214127e+01	1.427768801844603030e-01
4.662229206666611248e+01	2.963636598546016998e+01	7.887343280650346844e-02
1.523799260972417713e+01	1.013665862965057407e+01	1.019901248904831470e-01
2.762919411121765023e+01	2.042720296867517860e+01	4.849043774397972240e-02
4.270791696887965827e+01	1.142236352594384741e+01	4.360824679330260745e-02
3.622788487986925787e+01	2.914391580690389105e+01	1.139385048335796874e-01
4.674347558747675890e+01	2.417658619285029431e+01	1.313404488640516343e-01
3.980812716635436033e+01	2.617800807546073472e+01	1.639824599355003687e-01
4.538253727792111647e+01	4.073282212764914334e+01	1.804764516852906675e-01
4.914364786717660394e+01	4.707517296554317454e+01	1.570837592680724981e-01
4.586575390914371297e+01	2.216290958781359066e+01	3.172878522573419763e-02
4.494418408604874315e+01	2.704310610178300678e+01	7.299017040190106109e-02
3.439362639420900791e+01	3.154567938404406746e+01	1.869531330913102030e-01
4.234354158470020479e+01	2.856602298369340787e+01	1.174052817319748854e-03
3.724076037472134004e+01	3.257102702698208674e+01	4.063657650085924361e-02
2.127801621282385369e+01	1.189330118835851735e+01	1.847563395790633167e-01
4.918660996005658603e+01	3.919294327409976120e+01	9.202234051852897084e-03
3.847645432856935344e+01	3.245291141530373125e+01	1.447141329179565949e-01
4.589347775693069309e+01	4.311179102424108578e+01	1.610974333408947412e-02
