# m1_source	m2_source	ecc
2.489231168541758166e+01 1.969955781054073540e+01 1.242985382461534727e-01
4.218034358799535255e+01 2.998067762363861988e+01 1.265439083087561978e-01
3.264508142721886941e+01 2.478505037887037332e+01 1.725603929945718207e-01
4.390151595764236703e+01 1.303811421905208157e+01 1.770233025961504836e-01
4.640051875917919233e+01 2.490039432827241939e+01 1.300308909323495410e-01
3.852445245017009512e+01 3.638426235266365438e+01 1.163807689299349718e-01
4.216421145648882174e+01 3.880203395089387186e+01 1.855732988382337578e-01
3.838231692247946825e+01 1.297247317672665901e+01 1.178855758702423151e-01
4.798442855135425589e+01 3.130857895623233489e+01 1.485385431157582592e-01
3.970413240789770981e+01 3.534356923295081288e+01 1.630285853232687487e-01
4.282207827100752695e+01 3.532203853696258733e+01 1.654889220879895984e-01
3.398371492552067963e+01 1.473806171594883097e+01 1.224886928590560864e-01
4.817060538632381395e+01 2.218804161126254471e+01 1.563228725509702710e-01
3.541750090544143603e+01 3.056206885217572733e+01 1.286298694287673350e-01
3.681059237068734546e+01 1.583905632121629381e+01 1.220469006163631964e-01
4.891291898409836136e+01 3.091462291827168940e+01 1.120781018675163360e-01
3.677163711825299686e+01 3.056782441386602400e+01 1.273942313172621854e-01
3.584917878734737684e+01 3.156861666228005348e+01 1.222531206779782220e-01
4.425559895068429483e+01 1.873671897895666660e+01 1.268434884803790741e-01
3.632734697409102154e+01 1.299260552938526914e+01 1.289474739163065931e-01
4.610414378831042370e+01 3.567925975437159281e+01 1.164682792927730359e-01
3.917661411723587861e+01 3.698274802839158326e+01 1.178229642866758381e-01
4.230643600517753811e+01 1.235794077336893082e+01 1.265328664131160075e-01
3.463058136754611382e+01 1.840438726783332157e+01 1.584574020103701741e-01
4.486155813799533831e+01 3.792956208428033449e+01 1.845591424563962080e-01
3.695131047229140364e+01 2.652729174566391634e+01 1.613177865864016125e-01
4.170770022233088525e+01 2.305620081734029725e+01 1.027140717523852553e-01
4.686362327045816301e+01 2.294876124181327270e+01 1.886383737611337097e-01
2.186590316725210315e+01 1.251548807201168501e+01 1.294286782731807195e-01
4.944765738691549473e+01 3.694209210167615254e+01 1.153771641373614598e-01
4.440434709235987043e+01 2.844876533560897158e+01 1.601337738481370676e-01
3.969740130263228650e+01 1.003947365470139808e+01 1.218588657336088232e-01
4.731685673145747018e+01 4.512972915394294660e+01 1.975690041400382790e-01
4.248692273955651899e+01 3.726255140533028509e+01 1.916990717609608486e-01
3.009979201648587477e+01 1.298257106032838415e+01 1.451020418044671467e-01
3.764855002099739778e+01 2.773429736405087809e+01 1.435628291105728316e-01
3.628528374727453354e+01 1.557334799587352592e+01 1.049458899308891024e-01
2.764084798255364817e+01 1.758871633899524767e+01 1.483755007822929461e-01
3.809833238138703138e+01 2.007759504214726221e+01 1.692413210630191456e-01
4.356671537347234846e+01 2.231555191763254697e+01 1.145165106059882337e-01
3.700392405403180618e+01 1.503634227333535911e+01 1.249941630573866841e-01
3.538255935670997587e+01 1.272198306699681680e+01 1.453711796426120917e-01
1.492593442833876161e+01 1.430422926667698036e+01 1.703127778459825326e-01
4.851223881343034350e+01 2.539124470370749265e+01 1.230182479940588325e-01
4.955936027000988275e+01 2.805702141577240383e+01 1.123590270437509475e-01
4.909695534486149171e+01 3.636939919516653674e+01 1.524062677932537802e-01
3.004229273916412168e+01 2.885223224564176903e+01 1.733049781891856655e-01
4.569138483282839758e+01 4.096280273200040511e+01 1.845990088465006007e-01
4.564725336808047729e+01 2.081224133675783605e+01 1.929091569838419784e-01
2.761843133938226558e+01 2.196734867467080221e+01 1.596770537454659245e-01
4.308823705313963615e+01 4.018128227031982647e+01 1.776817242583153544e-01
3.987165142795849704e+01 3.843161014334987158e+01 1.664663243984334240e-01
3.124282068427013925e+01 1.826400764154917056e+01 1.266360012657796741e-01
2.374145335244742228e+01 1.391678917717221964e+01 1.771201717194789693e-01
4.012370051172177199e+01 1.251270571146449129e+01 1.061656324284786790e-01
4.005576451252877490e+01 2.896582261053753982e+01 1.350330623201073665e-01
4.503406872413891193e+01 4.446384507179502066e+01 1.964300140053313881e-01
1.822561476478496445e+01 1.748128468542217107e+01 1.757566861062643260e-01
4.936191936440629746e+01 2.763260294865973776e+01 1.675233067805877996e-01
3.495517406059133947e+01 1.290313284524506621e+01 1.050361529054854443e-01
4.166029316607271937e+01 1.529629573353713745e+01 1.653937641530358882e-01
4.981853168863225534e+01 1.260102011447242099e+01 1.650674372244064769e-01
4.599045942518448271e+01 1.777730361205024323e+01 1.027929835741010628e-01
4.117524144987477541e+01 1.927054483446495681e+01 1.008625541323155128e-01
4.477916124359615679e+01 2.164862022941316511e+01 1.446611932135511147e-01
2.902800535568215423e+01 2.118858341113756438e+01 1.973490142948765014e-01
4.546454376999695768e+01 3.807119779460719400e+01 1.093852353183168702e-01
4.526732937670163182e+01 2.109427881589914122e+01 1.968042144073854360e-01
4.858455327521076583e+01 1.849778736598624818e+01 1.316355502621721907e-01
3.213683101117209873e+01 1.795957727292405082e+01 1.849582610539758920e-01
1.541319366867898388e+01 1.130239260425946668e+01 1.082012637513498771e-01
3.983221788287034570e+01 1.185470341129783023e+01 1.607993887621221862e-01
4.098123866414019290e+01 1.398990193140586413e+01 1.543646583089298696e-01
3.849302603421636348e+01 2.710007982024740869e+01 1.092087749738540475e-01
4.596843420958312265e+01 3.095815231773936915e+01 1.187262895021354431e-01
3.792324672826014620e+01 3.582260764925783292e+01 1.545736735157980934e-01
4.577453165994456441e+01 4.185287861699545431e+01 1.528708569927443028e-01
4.716739081477006579e+01 4.460896786983909834e+01 1.565522391464949925e-01
3.423921054626222826e+01 1.226038858830409239e+01 1.043361830027336457e-01
2.768158772235292986e+01 2.390529429032932995e+01 1.075880775555714264e-01
4.909388505624131938e+01 1.910320925038956119e+01 1.913385999471422239e-01
3.618838015221360394e+01 3.026564301112277278e+01 1.351114959681413707e-01
4.920020722005214964e+01 4.315912357789688514e+01 1.044112242868707741e-01
2.342829234696621654e+01 2.299644289995261914e+01 1.298814548070578723e-01
3.091428742684044906e+01 2.844897217097945941e+01 1.169162524336672948e-01
3.882762671524715614e+01 2.042848723034597924e+01 1.640932044109366661e-01
2.296732692871925963e+01 1.271729600559942064e+01 1.482633810650131334e-01
4.910936731593726989e+01 3.935516477760622678e+01 1.302259367024324876e-01
4.857782093282071401e+01 2.295947023474746373e+01 1.605628120582430762e-01
4.555647230595000963e+01 3.674624540127677363e+01 1.258687215631884848e-01
3.840081072760060721e+01 1.827299459748453714e+01 1.005112600415657975e-01
4.657198679963772747e+01 1.877327666913205206e+01 1.792917116221021123e-01
4.407171217016879439e+01 2.491742385206443089e+01 1.784955327287105487e-01
4.866466200906420880e+01 2.482171799272255086e+01 1.774827236413265563e-01
3.118884332041784546e+01 2.703334867519740925e+01 1.185049199406725262e-01
3.145889101416566547e+01 3.027878764958356328e+01 1.739401517923117035e-01
2.261059844065120927e+01 1.501277533425073329e+01 1.648037820011617471e-01
4.254634916914915266e+01 2.574617442962921743e+01 1.755620338740842834e-01
4.149722723749314213e+01 2.635709802673999747e+01 1.100250441098821891e-01
4.185274321639280259e+01 1.653026645675607398e+01 1.196061725317351110e-01
