2.335075231243491700e+01 1.847958120209086275e+01 1.242985382461534727e-01
3.947076345854709700e+01 2.805477941024604505e+01 1.265439083087561978e-01
2.866570796677165944e+01 2.176379978363403467e+01 1.725603929945718207e-01
3.825608306388102164e+01 1.136150243744819832e+01 1.770233025961504836e-01
4.324930612659488105e+01 2.320932622683960744e+01 1.300308909323495410e-01
3.643853348855871133e+01 3.441422467740191848e+01 1.163807689299349718e-01
3.617690508870094845e+01 3.329215585920824338e+01 1.855732988382337578e-01
3.624894989579978244e+01 1.225143680506596766e+01 1.178855758702423151e-01
4.370016598072514569e+01 2.851321018741979429e+01 1.485385431157582592e-01
3.540510185281973321e+01 3.151668586229829216e+01 1.630285853232687487e-01
3.803862278712419709e+01 3.137637765912596421e+01 1.654889220879895984e-01
3.194126292803438361e+01 1.385229087962950523e+01 1.224886928590560864e-01
4.339041722032834514e+01 1.998622137076199934e+01 1.563228725509702710e-01
3.306494853152329227e+01 2.853203099541126520e+01 1.286298694287673350e-01
3.461450734643127447e+01 1.489411324518282242e+01 1.220469006163631964e-01
4.646008880006633746e+01 2.936435109240587238e+01 1.120781018675163360e-01
3.437691585325629973e+01 2.857712111955352441e+01 1.273942313172621854e-01
3.370306469242164127e+01 2.967875877800019424e+01 1.222531206779782220e-01
4.139892454411926082e+01 1.752727414396908756e+01 1.268434884803790741e-01
3.390214656274162053e+01 1.212522393125098752e+01 1.289474739163065931e-01
4.360399311632821195e+01 3.374443312229481506e+01 1.164682792927730359e-01
3.700145590235580073e+01 3.492939732426821564e+01 1.178229642866758381e-01
3.958924097746816528e+01 1.156423328125081440e+01 1.265328664131160075e-01
3.109600940940375935e+01 1.652594259336306592e+01 1.584574020103701741e-01
3.856438408609703572e+01 3.260542569511859767e+01 1.845591424563962080e-01
3.303713759261952276e+01 2.371731275994209653e+01 1.613177865864016125e-01
3.995596643582827312e+01 2.208783464646953476e+01 1.027140717523852553e-01
3.997489176033548830e+01 1.957540161546922164e+01 1.886383737611337097e-01
2.039496781376415768e+01 1.167356200426754675e+01 1.294286782731807195e-01
4.681713126458689089e+01 3.497683948057538572e+01 1.153771641373614598e-01
3.977212242812673537e+01 2.548101372830603140e+01 1.601337738481370676e-01
3.733653662595256151e+01 9.442410926510431679e+00 1.218588657336088232e-01
3.964507332297358033e+01 3.781255867244704660e+01 1.975690041400382790e-01
3.602528258570280428e+01 3.159546179585969838e+01 1.916990717609608486e-01
2.753904009086487292e+01 1.187807359987952793e+01 1.451020418044671467e-01
3.451520401541633731e+01 2.542607699926180942e+01 1.435628291105728316e-01
3.469332737753722284e+01 1.489009329920799907e+01 1.049458899308891024e-01
2.517853993809865187e+01 1.602187447652848462e+01 1.483755007822929461e-01
3.363887907237199926e+01 1.772748961623339881e+01 1.692413210630191456e-01
4.128412430478448414e+01 2.114637312911538558e+01 1.145165106059882337e-01
3.468601293977428668e+01 1.409447176192004925e+01 1.249941630573866841e-01
3.236085249453026336e+01 1.163551266369660375e+01 1.453711796426120917e-01
1.315566481675028498e+01 1.260769612769205139e+01 1.703127778459825326e-01
4.557080499515021899e+01 2.385170194735392002e+01 1.230182479940588325e-01
4.706141945474267629e+01 2.664286315046294007e+01 1.123590270437509475e-01
4.447420050497677835e+01 3.294501544321659736e+01 1.524062677932537802e-01
2.634706493801483518e+01 2.530338290697848436e+01 1.733049781891856655e-01
3.927480938396430332e+01 3.521027596380382363e+01 1.845990088465006007e-01
3.861181883727538633e+01 1.760453111193051257e+01 1.929091569838419784e-01
2.475433597485182347e+01 1.968928368477279633e+01 1.596770537454659245e-01
3.750407609417106869e+01 3.497385762079203886e+01 1.776817242583153544e-01
3.536279794866653248e+01 3.408560256895259499e+01 1.664663243984334240e-01
2.923285624085236378e+01 1.708901751102274247e+01 1.266360012657796741e-01
2.068496160205651080e+01 1.212513174658061388e+01 1.771201717194789693e-01
3.832154077703905415e+01 1.195069637240694327e+01 1.061656324284786790e-01
3.711655482591604738e+01 2.684037007121654739e+01 1.350330623201073665e-01
3.782158916603879817e+01 3.734269029407991525e+01 1.964300140053313881e-01
1.591693711747255335e+01 1.526689292303735357e+01 1.757566861062643260e-01
4.370573169670538505e+01 2.446629195352072372e+01 1.675233067805877996e-01
3.341889459596996659e+01 1.233604031739580975e+01 1.050361529054854443e-01
3.701218657490436215e+01 1.358966316770066562e+01 1.653937641530358882e-01
4.428301010250412162e+01 1.120087409477723561e+01 1.650674372244064769e-01
4.405583631056017424e+01 1.702948802348203472e+01 1.027929835741010628e-01
3.950852160484796372e+01 1.849049841897079105e+01 1.008625541323155128e-01
4.099337418253951171e+01 1.981837008452099980e+01 1.446611932135511147e-01
2.433264563849873952e+01 1.776127175834563232e+01 1.973490142948765014e-01
4.329468027194202762e+01 3.625419281508592206e+01 1.093852353183168702e-01
3.798811343551886921e+01 1.770221189393319605e+01 1.968042144073854360e-01
4.520105035357909173e+01 1.720957303905798597e+01 1.316355502621721907e-01
2.760523313456459604e+01 1.542710659445366872e+01 1.849582610539758920e-01
1.469367144278584192e+01 1.077477173221005025e+01 1.082012637513498771e-01
3.564099925708819683e+01 1.060732989354245248e+01 1.607993887621221862e-01
3.701930711103182148e+01 1.263740416184896276e+01 1.543646583089298696e-01
3.666190930311310581e+01 2.581092657131918244e+01 1.092087749738540475e-01
4.337611911414840904e+01 2.921231766054513912e+01 1.187262895021354431e-01
3.424666508891443328e+01 3.234967869619430303e+01 1.545736735157980934e-01
4.143737765711355792e+01 3.788730270739974770e+01 1.528708569927443028e-01
4.247251028480012280e+01 4.016874399702356158e+01 1.565522391464949925e-01
3.275468782015262548e+01 1.172881016695935230e+01 1.043361830027336457e-01
2.640418881565373255e+01 2.280215681508505909e+01 1.075880775555714264e-01
4.165711463715852858e+01 1.620944394132720845e+01 1.913385999471422239e-01
3.352978463497395012e+01 2.804216402429598176e+01 1.351114959681413707e-01
4.706389895027307801e+01 4.128512349079358756e+01 1.044112242868707741e-01
2.184094239099113466e+01 2.143835227669171317e+01 1.298814548070578723e-01
2.922468895371051545e+01 2.689411375621070377e+01 1.169162524336672948e-01
3.456618156277441756e+01 1.818640124042572381e+01 1.640932044109366661e-01
2.092453695572978845e+01 1.158617766325141929e+01 1.482633810650131334e-01
4.576393277735946441e+01 3.667420725943235027e+01 1.302259367024324876e-01
4.348198325751582871e+01 2.055101034131037707e+01 1.605628120582430762e-01
4.266186136697000109e+01 3.441142713021658750e+01 1.258687215631884848e-01
3.685735529270913702e+01 1.753854258230979823e+01 1.005112600415657975e-01
4.042098675917305428e+01 1.629379418434392335e+01 1.792917116221021123e-01
3.830506668596938624e+01 2.165705699407676477e+01 1.784955327287105487e-01
4.237261324524759942e+01 2.161241881002557363e+01 1.774827236413265563e-01
2.943668114744859210e+01 2.551463858804388352e+01 1.185049199406725262e-01
2.755968538451739747e+01 2.652585118373618656e+01 1.739401517923117035e-01
2.010659895278076092e+01 1.335019299052594555e+01 1.648037820011617471e-01
3.716940968950856927e+01 2.249241413188861927e+01 1.755620338740842834e-01
3.949308271688114758e+01 2.508415915573519683e+01 1.100250441098821891e-01
3.945670718328056381e+01 1.558392193968219885e+01 1.196061725317351110e-01
